t_index,tf-idf
66,0.001
74,0.001
77,0.001
95,0.004
95,0.004
97,0.003
104,0.002
104,0.002
135,0.001
199,0.001
200,0.002
257,0.002
275,0.002
330,0.001
336,0.001
337,0.001
337,0.001
337,0.001
337,0.001
364,0.002
383,0.001
411,0.006
411,0.006
411,0.006
421,0.002
448,0.001
477,0.001
487,0.002
487,0.002
496,0.002
499,0.002
544,0.001
553,0.004
553,0.004
554,0.002
558,0.003
558,0.003
563,0.002
563,0.002
568,0.001
570,0.002
576,0.002
585,0.003
585,0.003
585,0.003
604,0.003
631,0.004
631,0.004
634,0.003
634,0.003
634,0.003
669,0.001
670,0.001
674,0.001
727,0.001
759,0.001
759,0.001
836,0.005
836,0.005
836,0.005
836,0.005
836,0.005
838,0.002
839,0.006
839,0.006
839,0.006
844,0.001
928,0.001
968,0.001
1012,0.001
1018,0.001
1048,0.001
1053,0.003
1053,0.003
1053,0.003
1056,0.002
1058,0.002
1070,0.002
1095,0.001
1132,0.001
1193,0.002
1193,0.002
1193,0.002
1220,0.003
1220,0.003
1220,0.003
1278,0.002
1336,0.002
1341,0.001
1359,0.008
1359,0.008
1359,0.008
1361,0.002
1361,0.002
1423,0.002
1456,0.004
1456,0.004
1456,0.004
1456,0.004
1463,0.005
1463,0.005
1469,0.001
1510,0.001
1510,0.001
1529,0.002
1529,0.002
1529,0.002
1540,0.001
1564,0.003
1564,0.003
1572,0.002
1574,0.001
1603,0.004
1603,0.004
1615,0.002
1619,0.005
1619,0.005
1619,0.005
1619,0.005
1619,0.005
1619,0.005
1619,0.005
1651,0.002
1651,0.002
1685,0.001
1713,0.001
1727,0.006
1727,0.006
1727,0.006
1729,0.001
1746,0.005
1746,0.005
1746,0.005
1746,0.005
1746,0.005
1746,0.005
1746,0.005
1746,0.005
1750,0.001
1769,0.001
1781,0.006
1781,0.006
1781,0.006
1790,0.002
1798,0.002
1805,0.001
1849,0.002
1863,0.003
1863,0.003
1877,0.006
1877,0.006
1877,0.006
1879,0.003
1880,0.002
1882,0.002
1882,0.002
1882,0.002
1882,0.002
1883,0.001
1888,0.001
1892,0.002
1892,0.002
1901,0.006
1901,0.006
1901,0.006
1901,0.006
1901,0.006
1907,0.003
1907,0.003
1913,0.001
1928,0.005
1928,0.005
1932,0.004
1932,0.004
1945,0.005
1945,0.005
1945,0.005
1945,0.005
1945,0.005
1945,0.005
1945,0.005
1945,0.005
1945,0.005
1945,0.005
1997,0.002
2041,0.001
2085,0.001
2087,0.002
2091,0.003
2091,0.003
2091,0.003
2091,0.003
2094,0.009
2094,0.009
2094,0.009
2094,0.009
2094,0.009
2094,0.009
2096,0.003
2096,0.003
2096,0.003
2115,0.001
2116,0.001
2132,0.003
2132,0.003
2140,0.001
2152,0.001
2158,0.001
2163,0.001
2188,0.001
2213,0.001
2222,0.006
2222,0.006
2222,0.006
2223,0.011
2223,0.011
2223,0.011
2223,0.011
2223,0.011
2223,0.011
2223,0.011
2243,0.004
2243,0.004
2252,0.001
2256,0.002
2264,0.001
2273,0.013
2273,0.013
2273,0.013
2273,0.013
2273,0.013
2273,0.013
2273,0.013
2273,0.013
2273,0.013
2273,0.013
2273,0.013
2273,0.013
2273,0.013
2273,0.013
2273,0.013
2273,0.013
2298,0.002
2343,0.004
2343,0.004
2343,0.004
2347,0.003
2347,0.003
2347,0.003
2348,0.001
2356,0.005
2356,0.005
2356,0.005
2356,0.005
2367,0.003
2367,0.003
2367,0.003
2367,0.003
2367,0.003
2420,0.002
2421,0.002
2441,0.001
2454,0.002
2500,0.002
2524,0.002
2604,0.002
2605,0.001
2612,0.002
2612,0.002
2629,0.001
2635,0.001
2641,0.001
2655,0.001
2688,0.002
2689,0.001
2690,0.001
2706,0.002
2742,0.001
2766,0.001
2822,0.002
2834,0.007
2834,0.007
2834,0.007
2834,0.007
2838,0.002
2838,0.002
2880,0.001
2923,0.001
2945,0.002
2961,0.001
3033,0.001
3034,0.001
3043,0.002
3082,0.004
3082,0.004
3082,0.004
3095,0.001
3181,0.001
3187,0.006
3187,0.006
3187,0.006
3187,0.006
3187,0.006
3197,0.003
3252,0.001
3324,0.001
3338,0.005
3338,0.005
3343,0.0
3409,0.002
3429,0.001
3439,0.002
3486,0.002
3523,0.001
3527,0.001
3530,0.001
3539,0.002
3563,0.006
3563,0.006
3563,0.006
3566,0.002
3575,0.001
3594,0.001
3621,0.003
3621,0.003
3621,0.003
3658,0.001
3675,0.001
3679,0.002
3698,0.001
3715,0.002
3730,0.005
3730,0.005
3730,0.005
3730,0.005
3731,0.003
3736,0.001
3751,0.002
3791,0.012
3791,0.012
3791,0.012
3791,0.012
3791,0.012
3791,0.012
3791,0.012
3791,0.012
3791,0.012
3791,0.012
3791,0.012
3791,0.012
3791,0.012
3791,0.012
3791,0.012
3806,0.003
3806,0.003
3838,0.007
3838,0.007
3838,0.007
3848,0.002
3857,0.004
3857,0.004
3857,0.004
3866,0.004
3866,0.004
3866,0.004
3867,0.001
3869,0.005
3869,0.005
3869,0.005
3869,0.005
3880,0.001
3881,0.002
3895,0.002
3895,0.002
3895,0.002
3895,0.002
3895,0.002
3895,0.002
3895,0.002
3910,0.004
3910,0.004
3910,0.004
3910,0.004
3910,0.004
3910,0.004
3914,0.003
3914,0.003
3939,0.002
3939,0.002
3942,0.001
4002,0.001
4007,0.001
4013,0.002
4025,0.0
4057,0.005
4057,0.005
4057,0.005
4057,0.005
4057,0.005
4057,0.005
4057,0.005
4057,0.005
4057,0.005
4077,0.001
4077,0.001
4081,0.001
4100,0.001
4110,0.003
4110,0.003
4110,0.003
4146,0.001
4168,0.004
4168,0.004
4180,0.003
4180,0.003
4180,0.003
4190,0.002
4247,0.004
4247,0.004
4294,0.001
4330,0.001
4354,0.002
4355,0.001
4356,0.001
4384,0.0
4395,0.002
4399,0.004
4399,0.004
4422,0.001
4425,0.001
4425,0.001
4425,0.001
4427,0.001
4434,0.002
4444,0.002
4447,0.001
4459,0.004
4459,0.004
4459,0.004
4471,0.003
4526,0.001
4526,0.001
4528,0.001
4529,0.002
4543,0.002
4544,0.001
4550,0.002
4563,0.014
4563,0.014
4563,0.014
4563,0.014
4563,0.014
4563,0.014
4563,0.014
4563,0.014
4563,0.014
4563,0.014
4563,0.014
4627,0.002
4627,0.002
4627,0.002
4671,0.002
4671,0.002
4717,0.007
4717,0.007
4717,0.007
4721,0.007
4721,0.007
4721,0.007
4754,0.001
4759,0.001
4766,0.004
4766,0.004
4788,0.002
4789,0.002
4791,0.001
4809,0.001
4837,0.001
4840,0.001
4844,0.001
4851,0.001
4873,0.001
4885,0.003
4908,0.002
4908,0.002
4908,0.002
4908,0.002
4972,0.002
4972,0.002
4972,0.002
4972,0.002
4979,0.002
4980,0.001
5018,0.001
5044,0.005
5044,0.005
5089,0.002
5094,0.002
5095,0.002
5095,0.002
5125,0.003
5125,0.003
5149,0.001
5190,0.001
5219,0.001
5263,0.001
5288,0.001
5307,0.002
5326,0.002
5333,0.002
5333,0.002
5354,0.001
5355,0.002
5390,0.001
5408,0.002
5438,0.002
5438,0.002
5438,0.002
5472,0.003
5479,0.002
5479,0.002
5489,0.001
5494,0.002
5503,0.006
5503,0.006
5503,0.006
5503,0.006
5551,0.006
5551,0.006
5551,0.006
5573,0.001
5586,0.002
5586,0.002
5586,0.002
5591,0.001
5612,0.001
5623,0.001
5631,0.004
5631,0.004
5631,0.004
5631,0.004
5645,0.002
5645,0.002
5659,0.002
5664,0.001
5675,0.003
5716,0.001
5758,0.002
5760,0.001
5766,0.001
5766,0.001
5916,0.002
5934,0.001
5946,0.005
5946,0.005
5947,0.001
5964,0.002
5964,0.002
5976,0.002
5976,0.002
5976,0.002
5997,0.001
6001,0.002
6004,0.002
6004,0.002
6019,0.0
6022,0.002
6027,0.003
6030,0.001
6041,0.001
6041,0.001
6098,0.001
6108,0.002
6108,0.002
6112,0.001
6133,0.002
6137,0.002
6142,0.001
6160,0.001
6171,0.001
6183,0.002
6186,0.013
6186,0.013
6186,0.013
6186,0.013
6186,0.013
6186,0.013
6186,0.013
6186,0.013
6186,0.013
6189,0.002
6194,0.001
6233,0.003
6251,0.001
6263,0.003
6308,0.009
6308,0.009
6308,0.009
6308,0.009
6325,0.002
6334,0.002
6371,0.001
6397,0.002
6397,0.002
6397,0.002
6398,0.001
6405,0.002
6430,0.003
6430,0.003
6442,0.001
6445,0.001
6461,0.006
6461,0.006
6461,0.006
6464,0.002
6521,0.001
6524,0.001
6545,0.001
6548,0.003
6548,0.003
6565,0.005
6565,0.005
6565,0.005
6574,0.002
6585,0.004
6585,0.004
6599,0.001
6611,0.002
6617,0.002
6618,0.001
6618,0.001
6627,0.001
6627,0.001
6675,0.002
6736,0.001
6749,0.005
6749,0.005
6749,0.005
6749,0.005
6749,0.005
6749,0.005
6749,0.005
6749,0.005
6799,0.002
6805,0.004
6805,0.004
6838,0.002
6842,0.002
6857,0.002
6861,0.002
6867,0.002
6891,0.003
6891,0.003
6891,0.003
6891,0.003
6909,0.005
6909,0.005
6909,0.005
6909,0.005
6909,0.005
6909,0.005
6909,0.005
6909,0.005
6909,0.005
6909,0.005
6937,0.008
6937,0.008
6937,0.008
6957,0.002
6982,0.001
7039,0.001
7050,0.002
7067,0.005
7067,0.005
7068,0.003
7104,0.001
7130,0.003
7130,0.003
7130,0.003
7130,0.003
7130,0.003
7130,0.003
7141,0.004
7141,0.004
7142,0.001
7157,0.001
7208,0.001
7211,0.001
7214,0.002
7214,0.002
7214,0.002
7214,0.002
7214,0.002
7229,0.002
7229,0.002
7304,0.002
7331,0.002
7333,0.001
7406,0.002
7408,0.002
7408,0.002
7420,0.001
7430,0.002
7431,0.002
7432,0.001
7433,0.001
7433,0.001
7436,0.002
7457,0.001
7485,0.002
7485,0.002
7485,0.002
7485,0.002
7485,0.002
7485,0.002
7485,0.002
7499,0.001
7507,0.001
7527,0.004
7527,0.004
7527,0.004
7527,0.004
7527,0.004
7671,0.002
7676,0.002
7679,0.002
7702,0.001
7723,0.004
7723,0.004
7763,0.002
7763,0.002
7783,0.002
7783,0.002
7790,0.002
7790,0.002
7823,0.002
7835,0.001
7847,0.002
7847,0.002
7850,0.002
7855,0.005
7855,0.005
7894,0.002
7897,0.001
7898,0.001
7898,0.001
7921,0.002
7932,0.003
7932,0.003
7932,0.003
7932,0.003
7952,0.001
7986,0.001
8010,0.002
8038,0.001
8064,0.015
8064,0.015
8064,0.015
8064,0.015
8064,0.015
8064,0.015
8064,0.015
8064,0.015
8064,0.015
8064,0.015
8064,0.015
8102,0.001
8112,0.001
8114,0.002
8115,0.001
8169,0.002
8171,0.001
8184,0.002
8198,0.0
8270,0.002
8270,0.002
8270,0.002
8270,0.002
8270,0.002
8270,0.002
8270,0.002
8288,0.001
8306,0.002
8310,0.012
8310,0.012
8310,0.012
8310,0.012
8310,0.012
8310,0.012
8310,0.012
8310,0.012
8310,0.012
8310,0.012
8310,0.012
8310,0.012
8310,0.012
8310,0.012
8310,0.012
8310,0.012
8320,0.001
8323,0.004
8323,0.004
8324,0.001
8328,0.002
8331,0.001
8341,0.001
8357,0.005
8357,0.005
8357,0.005
8367,0.002
8383,0.001
8384,0.005
8384,0.005
8384,0.005
8384,0.005
8384,0.005
8387,0.008
8387,0.008
8387,0.008
8393,0.002
8393,0.002
8399,0.001
8422,0.001
8428,0.003
8444,0.001
8458,0.001
8460,0.001
8537,0.003
8537,0.003
8546,0.003
8546,0.003
8570,0.001
8571,0.002
8596,0.003
8596,0.003
8604,0.004
8604,0.004
8604,0.004
8641,0.005
8641,0.005
8664,0.001
8698,0.001
8719,0.001
8745,0.004
8745,0.004
8745,0.004
8773,0.003
8773,0.003
8773,0.003
8813,0.002
8813,0.002
8835,0.0
8861,0.002
8874,0.007
8874,0.007
8874,0.007
8895,0.001
8917,0.002
8917,0.002
8941,0.001
8972,0.001
9004,0.004
9004,0.004
9020,0.001
9052,0.001
9060,0.001
9091,0.002
9091,0.002
9094,0.001
9103,0.003
9103,0.003
9103,0.003
9105,0.002
9106,0.009
9106,0.009
9106,0.009
9106,0.009
9112,0.001
9118,0.001
9125,0.004
9125,0.004
9125,0.004
9125,0.004
9137,0.002
9155,0.005
9155,0.005
9155,0.005
9198,0.002
9215,0.001
9215,0.001
9278,0.0
9278,0.0
9278,0.0
9308,0.002
9322,0.002
9324,0.001
9358,0.002
9372,0.001
9377,0.002
9377,0.002
9413,0.002
9447,0.005
9447,0.005
9505,0.002
9505,0.002
9506,0.001
9513,0.0
9541,0.003
9541,0.003
9551,0.002
9551,0.002
9563,0.026
9563,0.026
9563,0.026
9563,0.026
9563,0.026
9563,0.026
9563,0.026
9563,0.026
9563,0.026
9563,0.026
9563,0.026
9563,0.026
9563,0.026
9563,0.026
9563,0.026
9563,0.026
9563,0.026
9563,0.026
9563,0.026
9563,0.026
9563,0.026
9563,0.026
9563,0.026
9563,0.026
9563,0.026
9563,0.026
9563,0.026
9563,0.026
9565,0.001
9593,0.009
9593,0.009
9593,0.009
9593,0.009
9593,0.009
9593,0.009
9593,0.009
9593,0.009
9593,0.009
9593,0.009
9593,0.009
9593,0.009
9593,0.009
9595,0.001
9601,0.001
9601,0.001
9608,0.003
9608,0.003
9608,0.003
9608,0.003
9619,0.002
9620,0.002
9709,0.002
9825,0.001
9835,0.0
9843,0.001
9860,0.001
9869,0.002
9955,0.003
9955,0.003
10001,0.001
10007,0.003
10048,0.001
10073,0.001
10079,0.002
10079,0.002
10098,0.002
10106,0.002
10129,0.001
10133,0.001
10200,0.002
10236,0.002
10255,0.0
10255,0.0
10258,0.001
10277,0.006
10277,0.006
10277,0.006
10277,0.006
10297,0.003
10297,0.003
10304,0.002
10309,0.002
10310,0.003
10310,0.003
10329,0.001
10329,0.001
10363,0.001
10366,0.001
10419,0.006
10419,0.006
10419,0.006
10473,0.001
10506,0.002
10508,0.001
10519,0.003
10556,0.002
10556,0.002
10556,0.002
10556,0.002
10586,0.003
10586,0.003
10591,0.001
10594,0.001
10632,0.003
10632,0.003
10645,0.002
10646,0.001
10647,0.002
10745,0.002
10745,0.002
10768,0.002
10782,0.001
10788,0.003
10799,0.003
10799,0.003
10799,0.003
10812,0.001
10818,0.002
10818,0.002
10818,0.002
10838,0.004
10838,0.004
10838,0.004
10893,0.001
10913,0.001
10922,0.002
10922,0.002
10922,0.002
10922,0.002
10924,0.002
10932,0.002
10970,0.001
10970,0.001
10970,0.001
10970,0.001
11014,0.001
11088,0.001
11089,0.002
11092,0.001
11121,0.001
11140,0.003
11153,0.004
11153,0.004
11153,0.004
11153,0.004
11155,0.005
11155,0.005
11155,0.005
11156,0.002
11234,0.001
11253,0.003
11253,0.003
11253,0.003
11253,0.003
11253,0.003
11253,0.003
11253,0.003
11253,0.003
11253,0.003
11253,0.003
11253,0.003
11253,0.003
11338,0.002
11426,0.001
11431,0.002
11431,0.002
11432,0.002
11461,0.002
11485,0.002
11566,0.001
11566,0.001
11577,0.002
11741,0.001
11742,0.001
11823,0.004
11823,0.004
11857,0.001
11884,0.001
11884,0.001
11896,0.003
11911,0.001
11918,0.001
11934,0.002
11990,0.009
11990,0.009
11990,0.009
11990,0.009
11990,0.009
11990,0.009
12023,0.002
12023,0.002
12023,0.002
12034,0.002
12034,0.002
12104,0.001
12152,0.001
12188,0.007
12188,0.007
12188,0.007
12188,0.007
12188,0.007
12188,0.007
12188,0.007
12188,0.007
12188,0.007
12188,0.007
12188,0.007
12188,0.007
12188,0.007
12188,0.007
12188,0.007
12188,0.007
12188,0.007
12188,0.007
12188,0.007
12188,0.007
12188,0.007
12188,0.007
12188,0.007
12188,0.007
12188,0.007
12188,0.007
12188,0.007
12196,0.008
12196,0.008
12196,0.008
12209,0.005
12209,0.005
12209,0.005
12209,0.005
12209,0.005
12219,0.002
