t_index,tf-idf
74,0.038
89,0.044
130,0.112
150,0.025
157,0.016
166,0.019
185,0.018
210,0.033
211,0.019
225,0.012
230,0.011
242,0.147
246,0.037
269,0.077
273,0.098
319,0.016
323,0.026
336,0.012
337,0.005
345,0.015
355,0.098
367,0.049
383,0.011
427,0.031
442,0.012
456,0.032
544,0.04
546,0.051
563,0.039
568,0.026
570,0.026
591,0.044
620,0.011
633,0.017
671,0.018
702,0.039
709,0.026
731,0.023
759,0.013
798,0.034
808,0.118
877,0.011
928,0.015
943,0.044
945,0.036
947,0.012
964,0.119
968,0.008
969,0.044
1010,0.035
1018,0.014
1155,0.039
1193,0.009
1235,0.263
1236,0.235
1237,0.029
1313,0.037
1335,0.013
1341,0.019
1350,0.015
1386,0.044
1401,0.012
1453,0.03
1456,0.016
1510,0.013
1540,0.013
1562,0.012
1582,0.016
1610,0.025
1651,0.016
1652,0.026
1671,0.016
1685,0.013
1689,0.016
1746,0.022
1803,0.02
1804,0.035
1849,0.052
1887,0.035
1901,0.02
1945,0.052
1958,0.009
1990,0.044
2035,0.032
2085,0.047
2091,0.014
2119,0.022
2147,0.02
2158,0.019
2169,0.059
2172,0.042
2181,0.021
2206,0.03
2238,0.063
2239,0.02
2252,0.01
2264,0.011
2270,0.026
2291,0.037
2358,0.012
2366,0.036
2440,0.016
2441,0.015
2449,0.041
2493,0.031
2541,0.087
2581,0.015
2615,0.005
2619,0.09
2635,0.12
2636,0.032
2643,0.018
2651,0.016
2655,0.016
2660,0.029
2662,0.034
2693,0.032
2723,0.034
2724,0.021
2767,0.025
2795,0.027
2799,0.026
2874,0.023
2885,0.014
2902,0.034
2909,0.031
2918,0.086
2921,0.017
2922,0.021
2980,0.039
2999,0.044
3030,0.061
3050,0.039
3076,0.022
3106,0.019
3130,0.025
3183,0.049
3252,0.011
3262,0.023
3268,0.027
3269,0.021
3314,0.011
3343,0.016
3372,0.019
3378,0.022
3388,0.014
3420,0.027
3422,0.034
3433,0.02
3434,0.024
3436,0.019
3538,0.019
3548,0.044
3558,0.115
3559,0.038
3574,0.02
3726,0.017
3736,0.01
3742,0.011
3768,0.017
3782,0.014
3807,0.032
3845,0.026
3853,0.033
3864,0.011
3866,0.02
3895,0.017
3939,0.017
3940,0.044
3948,0.022
3952,0.019
3984,0.035
3993,0.026
4021,0.037
4025,0.048
4035,0.011
4057,0.009
4067,0.039
4081,0.009
4109,0.131
4132,0.017
4137,0.023
4167,0.044
4173,0.016
4291,0.017
4330,0.008
4355,0.012
4384,0.007
4403,0.017
4414,0.017
4421,0.029
4521,0.015
4526,0.011
4528,0.018
4570,0.015
4574,0.019
4610,0.022
4615,0.029
4786,0.03
4791,0.012
4794,0.034
4796,0.044
4892,0.349
4893,0.026
4908,0.008
4966,0.039
4972,0.025
4980,0.014
5041,0.031
5088,0.022
5149,0.021
5190,0.016
5213,0.03
5219,0.02
5335,0.019
5345,0.015
5354,0.02
5398,0.013
5434,0.022
5489,0.019
5503,0.024
5578,0.044
5586,0.013
5645,0.018
5687,0.073
5716,0.013
5766,0.023
5771,0.028
5777,0.044
5835,0.044
5839,0.118
5846,0.015
5901,0.02
5961,0.028
5971,0.01
5973,0.024
5986,0.038
6025,0.018
6028,0.01
6036,0.014
6058,0.029
6062,0.03
6068,0.034
6098,0.023
6112,0.013
6117,0.031
6171,0.024
6176,0.01
6213,0.01
6220,0.02
6255,0.037
6321,0.024
6322,0.02
6370,0.021
6371,0.009
6397,0.01
6413,0.022
6456,0.044
6468,0.016
6501,0.029
6511,0.065
6519,0.022
6521,0.017
6545,0.009
6576,0.065
6589,0.017
6599,0.012
6618,0.01
6625,0.018
6631,0.044
6689,0.043
6692,0.013
6752,0.405
6880,0.029
6896,0.027
6908,0.039
6975,0.032
6983,0.021
6998,0.018
7057,0.036
7130,0.022
7135,0.098
7172,0.013
7181,0.036
7211,0.025
7327,0.017
7359,0.021
7392,0.021
7401,0.02
7412,0.025
7420,0.017
7433,0.014
7434,0.02
7438,0.018
7443,0.03
7485,0.007
7499,0.009
7501,0.012
7505,0.017
7507,0.041
7508,0.022
7524,0.035
7539,0.02
7584,0.044
7604,0.025
7606,0.011
7714,0.024
7765,0.03
7779,0.047
7783,0.018
7857,0.014
7858,0.063
7898,0.015
7915,0.034
7917,0.04
7930,0.017
7932,0.028
7934,0.018
7936,0.069
8038,0.01
8046,0.014
8112,0.01
8115,0.061
8117,0.01
8198,0.037
8258,0.013
8270,0.021
8272,0.01
8326,0.06
8403,0.022
8441,0.019
8456,0.05
8502,0.01
8504,0.021
8530,0.044
8553,0.037
8607,0.02
8613,0.028
8627,0.018
8653,0.012
8664,0.017
8672,0.015
8680,0.032
8711,0.02
8778,0.022
8781,0.053
8798,0.029
8813,0.029
8830,0.039
8835,0.007
8850,0.016
8891,0.03
8901,0.019
8945,0.025
8972,0.019
9021,0.019
9032,0.026
9082,0.018
9094,0.015
9128,0.044
9145,0.018
9172,0.014
9209,0.021
9215,0.009
9263,0.034
9278,0.008
9327,0.038
9357,0.07
9505,0.016
9506,0.07
9516,0.011
9520,0.026
9541,0.027
9551,0.013
9555,0.013
9564,0.024
9568,0.02
9569,0.017
9573,0.154
9574,0.016
9575,0.102
9594,0.032
9612,0.009
9755,0.023
9758,0.011
9762,0.025
9802,0.013
9803,0.022
9835,0.007
9873,0.028
9878,0.044
9924,0.013
10032,0.027
10043,0.014
10079,0.027
10110,0.014
10163,0.044
10235,0.013
10255,0.027
10271,0.012
10333,0.027
10357,0.011
10387,0.026
10397,0.023
10398,0.026
10400,0.044
10413,0.016
10431,0.08
10432,0.031
10433,0.044
10513,0.015
10556,0.009
10579,0.034
10595,0.028
10616,0.025
10697,0.036
10731,0.035
10782,0.012
10791,0.035
10813,0.021
10829,0.039
10840,0.025
10913,0.026
10915,0.012
10919,0.015
10922,0.007
10937,0.025
10970,0.01
11037,0.01
11040,0.011
11070,0.02
11076,0.015
11136,0.021
11151,0.023
11159,0.022
11178,0.052
11190,0.073
11234,0.011
11269,0.037
11272,0.022
11291,0.034
11305,0.044
11429,0.027
11453,0.044
11462,0.044
11526,0.039
11545,0.044
11630,0.035
11693,0.015
11724,0.022
11733,0.037
11757,0.024
11790,0.015
11793,0.026
11844,0.017
11856,0.008
11857,0.096
11866,0.027
11877,0.06
11884,0.072
11904,0.016
11932,0.007
11947,0.009
11950,0.012
11954,0.037
11976,0.011
11988,0.035
12023,0.013
12062,0.015
12101,0.008
12110,0.009
12124,0.018
12188,0.016
12226,0.017
12227,0.08
12255,0.044
