t_index,tf-idf
5,0.033
103,0.024
114,0.027
199,0.026
202,0.045
337,0.025
366,0.021
380,0.039
383,0.018
463,0.037
471,0.025
485,0.017
539,0.035
563,0.021
579,0.017
580,0.07
585,0.023
627,0.073
670,0.056
692,0.056
703,0.073
735,0.019
781,0.044
920,0.04
922,0.026
942,0.07
968,0.04
1040,0.112
1048,0.033
1053,0.028
1137,0.052
1246,0.047
1296,0.023
1350,0.05
1414,0.118
1435,0.051
1498,0.047
1573,0.029
1609,0.018
1621,0.038
1746,0.052
1769,0.066
1845,0.074
1984,0.098
2000,0.052
2011,0.037
2054,0.042
2055,0.153
2060,0.034
2091,0.023
2239,0.032
2245,0.04
2267,0.042
2273,0.197
2356,0.034
2400,0.049
2404,0.026
2441,0.023
2522,0.04
2575,0.046
2615,0.033
2641,0.033
2650,0.031
2683,0.039
2758,0.07
2765,0.04
2766,0.036
2952,0.045
2962,0.045
2976,0.048
2993,0.035
3033,0.037
3095,0.034
3106,0.03
3123,0.063
3138,0.023
3172,0.044
3208,0.063
3238,0.108
3239,0.063
3422,0.027
3452,0.021
3516,0.07
3523,0.026
3569,0.012
3583,0.027
3642,0.056
3698,0.018
3736,0.033
3780,0.023
3782,0.023
3787,0.041
3791,0.041
3807,0.026
3851,0.034
3881,0.045
3910,0.031
4077,0.046
4081,0.028
4137,0.037
4146,0.026
4170,0.081
4173,0.026
4245,0.077
4313,0.022
4384,0.022
4386,0.14
4388,0.034
4405,0.05
4526,0.052
4529,0.083
4574,0.031
4617,0.162
4633,0.043
4705,0.122
4744,0.017
4768,0.063
4835,0.059
4873,0.024
4897,0.096
4908,0.062
4962,0.028
4985,0.059
5112,0.022
5154,0.041
5168,0.056
5190,0.013
5250,0.049
5263,0.019
5288,0.072
5289,0.07
5302,0.065
5390,0.014
5418,0.038
5419,0.045
5448,0.07
5605,0.032
5623,0.037
5630,0.056
5664,0.024
5724,0.041
5733,0.086
5740,0.052
5761,0.052
5766,0.028
5767,0.04
5784,0.045
5808,0.042
5961,0.023
5966,0.035
5976,0.017
5997,0.021
6017,0.036
6028,0.05
6030,0.017
6041,0.015
6124,0.011
6176,0.032
6184,0.031
6195,0.041
6220,0.048
6243,0.021
6247,0.044
6371,0.014
6412,0.037
6432,0.049
6468,0.026
6544,0.035
6545,0.014
6591,0.025
6616,0.059
6618,0.017
6627,0.113
6653,0.098
6679,0.064
6825,0.02
6857,0.042
6889,0.017
6891,0.023
6955,0.032
6957,0.096
6965,0.162
7039,0.061
7046,0.04
7055,0.133
7157,0.018
7158,0.028
7182,0.026
7206,0.026
7211,0.02
7214,0.02
7216,0.04
7234,0.015
7264,0.059
7327,0.028
7345,0.027
7432,0.021
7433,0.044
7457,0.015
7485,0.012
7518,0.047
7530,0.042
7562,0.034
7769,0.25
7807,0.021
7824,0.03
7826,0.04
7857,0.046
7885,0.041
7914,0.03
7932,0.046
8010,0.042
8038,0.016
8058,0.042
8112,0.033
8113,0.044
8223,0.035
8266,0.034
8310,0.061
8444,0.039
8458,0.068
8548,0.027
8602,0.041
8614,0.044
8627,0.029
8661,0.029
8664,0.027
8672,0.024
8697,0.051
8699,0.041
8827,0.074
8835,0.012
8914,0.072
8998,0.034
9039,0.04
9040,0.07
9047,0.045
9068,0.077
9090,0.041
9114,0.085
9172,0.023
9215,0.029
9243,0.253
9270,0.03
9278,0.053
9324,0.027
9372,0.018
9383,0.024
9384,0.006
9424,0.06
9465,0.07
9513,0.012
9522,0.063
9593,0.018
9600,0.033
9608,0.061
9612,0.045
9620,0.043
9622,0.054
9649,0.07
9735,0.03
9741,0.024
9751,0.027
9752,0.041
9835,0.023
9860,0.019
9901,0.045
9941,0.017
10080,0.034
10083,0.041
10119,0.064
10164,0.088
10177,0.073
10255,0.025
10348,0.044
10363,0.112
10445,0.03
10446,0.067
10530,0.14
10535,0.063
10575,0.03
10578,0.069
10580,0.029
10590,0.02
10594,0.034
10687,0.021
10749,0.044
10786,0.051
10846,0.121
10893,0.019
10914,0.023
10915,0.039
10922,0.024
10970,0.048
10983,0.058
11014,0.014
11079,0.045
11084,0.044
11111,0.037
11179,0.054
11210,0.076
11234,0.018
11244,0.028
11253,0.031
11254,0.044
11354,0.063
11356,0.03
11566,0.014
11610,0.158
11681,0.098
11757,0.02
11844,0.028
11856,0.013
11904,0.026
11918,0.054
11932,0.011
11947,0.015
12063,0.02
12090,0.087
12099,0.025
12100,0.039
12104,0.02
12155,0.058
12188,0.013
