t_index,tf-idf
84,0.004
135,0.003
167,0.004
186,0.003
194,0.003
328,0.002
347,0.004
415,0.003
448,0.001
477,0.003
485,0.002
518,0.006
620,0.002
698,0.003
809,0.004
922,0.005
922,0.005
923,0.004
928,0.002
945,0.004
945,0.004
954,0.002
993,0.004
1012,0.005
1012,0.005
1018,0.002
1044,0.003
1048,0.003
1102,0.003
1296,0.002
1350,0.007
1350,0.007
1350,0.007
1558,0.004
1567,0.003
1650,0.003
1685,0.002
1720,0.005
1721,0.003
1723,0.002
1730,0.005
1958,0.003
1958,0.003
2009,0.029
2009,0.029
2009,0.029
2009,0.029
2009,0.029
2009,0.029
2009,0.029
2067,0.004
2085,0.007
2085,0.007
2085,0.007
2115,0.002
2147,0.003
2205,0.007
2205,0.007
2213,0.002
2235,0.004
2245,0.004
2260,0.003
2358,0.001
2367,0.002
2425,0.005
2526,0.002
2610,0.003
2615,0.002
2615,0.002
2686,0.006
2686,0.006
2686,0.006
2689,0.004
2689,0.004
2698,0.005
2716,0.003
2807,0.002
2833,0.004
2936,0.004
2954,0.006
3089,0.004
3118,0.006
3118,0.006
3156,0.003
3161,0.003
3253,0.002
3271,0.006
3291,0.003
3314,0.002
3324,0.002
3422,0.001
3517,0.005
3519,0.019
3519,0.019
3519,0.019
3519,0.019
3519,0.019
3519,0.019
3527,0.003
3573,0.003
3583,0.003
3646,0.003
3664,0.003
3739,0.005
3762,0.005
3772,0.007
3772,0.007
3796,0.004
3796,0.004
3803,0.003
3864,0.01
3864,0.01
3864,0.01
3864,0.01
3864,0.01
3864,0.01
3895,0.006
3895,0.006
3895,0.006
3895,0.006
3895,0.006
3895,0.006
3895,0.006
4007,0.003
4010,0.002
4073,0.003
4075,0.003
4081,0.003
4081,0.003
4233,0.012
4233,0.012
4233,0.012
4233,0.012
4384,0.003
4384,0.003
4384,0.003
4420,0.002
4447,0.006
4447,0.006
4476,0.007
4476,0.007
4476,0.007
4505,0.006
4524,0.004
4619,0.005
4627,0.004
4627,0.004
4662,0.004
4759,0.003
4861,0.033
4861,0.033
4861,0.033
4861,0.033
4861,0.033
4861,0.033
4861,0.033
4861,0.033
4861,0.033
4861,0.033
4875,0.007
4875,0.007
4875,0.007
4893,0.002
4898,0.002
4968,0.003
4968,0.003
4982,0.004
5183,0.004
5232,0.005
5535,0.003
5669,0.004
5716,0.002
5809,0.002
5971,0.001
5973,0.002
5977,0.003
6017,0.002
6081,0.002
6124,0.002
6124,0.002
6140,0.003
6220,0.002
6239,0.005
6239,0.005
6241,0.003
6242,0.008
6242,0.008
6242,0.008
6242,0.008
6272,0.004
6321,0.001
6413,0.001
6438,0.005
6495,0.003
6521,0.008
6521,0.008
6521,0.008
6522,0.005
6599,0.002
6627,0.003
6627,0.003
6786,0.002
6819,0.006
6835,0.004
6894,0.004
6982,0.002
6991,0.004
6998,0.001
7172,0.004
7172,0.004
7263,0.003
7263,0.003
7434,0.001
7438,0.003
7485,0.004
7485,0.004
7485,0.004
7485,0.004
7485,0.004
7485,0.004
7499,0.004
7499,0.004
7499,0.004
7626,0.005
7638,0.009
7638,0.009
7709,0.004
7824,0.003
7991,0.003
7998,0.003
8058,0.011
8058,0.011
8058,0.011
8058,0.011
8058,0.011
8059,0.006
8059,0.006
8102,0.009
8102,0.009
8102,0.009
8102,0.009
8102,0.009
8106,0.005
8136,0.005
8185,0.003
8283,0.006
8283,0.006
8326,0.002
8492,0.004
8506,0.003
8557,0.007
8557,0.007
8559,0.005
8578,0.002
8653,0.004
8653,0.004
8668,0.005
8668,0.005
8699,0.002
8786,0.004
8825,0.003
8835,0.001
8857,0.004
8965,0.004
9070,0.005
9142,0.007
9142,0.007
9174,0.003
9274,0.005
9278,0.003
9278,0.003
9278,0.003
9278,0.003
9278,0.003
9278,0.003
9278,0.003
9278,0.003
9326,0.005
9501,0.009
9501,0.009
9501,0.009
9501,0.009
9501,0.009
9513,0.001
9517,0.017
9517,0.017
9517,0.017
9517,0.017
9517,0.017
9517,0.017
9537,0.004
9545,0.014
9545,0.014
9545,0.014
9545,0.014
9578,0.011
9578,0.011
9578,0.011
9593,0.01
9593,0.01
9593,0.01
9593,0.01
9593,0.01
9593,0.01
9601,0.012
9601,0.012
9601,0.012
9601,0.012
9601,0.012
9601,0.012
9601,0.012
9601,0.012
9612,0.001
9754,0.004
9755,0.004
9760,0.004
9761,0.005
9783,0.005
9856,0.009
9856,0.009
9856,0.009
9859,0.003
9862,0.007
9862,0.007
9886,0.006
9886,0.006
9928,0.011
9928,0.011
9932,0.003
9949,0.004
9953,0.003
10045,0.005
10079,0.002
10151,0.005
10249,0.006
10249,0.006
10249,0.006
10258,0.002
10271,0.002
10402,0.004
10424,0.005
10438,0.003
10575,0.003
10642,0.009
10642,0.009
10702,0.006
10705,0.005
10897,0.006
10897,0.006
10897,0.006
10922,0.004
10922,0.004
10922,0.004
10945,0.003
10945,0.003
10970,0.004
10970,0.004
10970,0.004
10970,0.004
10970,0.004
10990,0.009
10990,0.009
10990,0.009
10997,0.006
11001,0.001
11040,0.004
11040,0.004
11073,0.021
11073,0.021
11073,0.021
11073,0.021
11073,0.021
11073,0.021
11073,0.021
11076,0.002
11095,0.006
11095,0.006
11098,0.004
11151,0.001
11210,0.002
11249,0.003
11253,0.002
11253,0.002
11253,0.002
11253,0.002
11405,0.009
11405,0.009
11661,0.02
11661,0.02
11661,0.02
11661,0.02
11661,0.02
11661,0.02
11692,0.006
11699,0.008
11699,0.008
11699,0.008
11699,0.008
11835,0.002
11838,0.004
11856,0.003
11856,0.003
11920,0.003
11931,0.002
11947,0.001
12001,0.006
12007,0.003
12015,0.004
12023,0.038
12023,0.038
12023,0.038
12023,0.038
12023,0.038
12023,0.038
12023,0.038
12023,0.038
12023,0.038
12023,0.038
12023,0.038
12023,0.038
12023,0.038
12023,0.038
12023,0.038
12023,0.038
12023,0.038
12023,0.038
12023,0.038
12029,0.004
12030,0.006
12030,0.006
12030,0.006
12038,0.005
12038,0.005
12081,0.002
12116,0.005
12188,0.001
12188,0.001
12200,0.004
