t_index,tf-idf
12,0.02
12,0.02
12,0.02
55,0.004
77,0.002
82,0.005
82,0.005
160,0.009
160,0.009
197,0.002
206,0.004
206,0.004
269,0.004
337,0.003
337,0.003
337,0.003
340,0.003
382,0.007
448,0.003
448,0.003
487,0.005
487,0.005
488,0.004
488,0.004
509,0.003
523,0.007
568,0.011
568,0.011
568,0.011
568,0.011
568,0.011
585,0.007
585,0.007
585,0.007
607,0.006
663,0.01
663,0.01
666,0.001
686,0.004
716,0.003
848,0.004
866,0.007
954,0.002
964,0.003
1408,0.006
1522,0.002
1529,0.002
1619,0.004
1619,0.004
1650,0.003
1651,0.003
1671,0.003
1729,0.002
1746,0.002
2084,0.005
2085,0.003
2119,0.004
2133,0.005
2213,0.002
2358,0.001
2367,0.002
2371,0.005
2440,0.005
2440,0.005
2445,0.003
2449,0.002
2477,0.004
2551,0.004
2572,0.007
2611,0.006
2615,0.002
2615,0.002
2662,0.002
2742,0.006
2742,0.006
2742,0.006
2748,0.003
2753,0.003
2791,0.003
2804,0.007
2804,0.007
2818,0.008
2818,0.008
2882,0.007
2918,0.003
2935,0.008
2935,0.008
3138,0.002
3343,0.001
3422,0.001
3440,0.004
3490,0.005
3549,0.004
3559,0.006
3559,0.006
3658,0.002
3698,0.004
3698,0.004
3714,0.002
3736,0.002
3767,0.004
3782,0.002
3796,0.002
3804,0.004
3853,0.003
3858,0.045
3858,0.045
3858,0.045
3858,0.045
3858,0.045
3858,0.045
3895,0.001
3910,0.005
3910,0.005
3910,0.005
3990,0.003
4002,0.002
4035,0.002
4057,0.001
4096,0.004
4119,0.002
4120,0.004
4154,0.003
4355,0.002
4384,0.001
4526,0.002
4689,0.004
4798,0.001
4840,0.002
4908,0.001
4939,0.007
4939,0.007
4939,0.007
4939,0.007
5001,0.005
5008,0.003
5156,0.005
5201,0.003
5202,0.004
5259,0.003
5293,0.007
5302,0.002
5319,0.003
5354,0.002
5355,0.004
5366,0.005
5366,0.005
5398,0.002
5438,0.002
5453,0.006
5479,0.006
5479,0.006
5567,0.005
5583,0.007
5612,0.011
5612,0.011
5612,0.011
5664,0.003
5760,0.004
5766,0.001
5806,0.003
5806,0.003
5839,0.017
5839,0.017
5839,0.017
5839,0.017
5839,0.017
5846,0.005
5846,0.005
5853,0.007
5971,0.003
5971,0.003
5971,0.003
5971,0.003
6004,0.006
6004,0.006
6017,0.002
6019,0.003
6019,0.003
6020,0.004
6028,0.002
6036,0.002
6046,0.003
6076,0.003
6112,0.002
6148,0.003
6213,0.002
6220,0.002
6222,0.005
6370,0.002
6589,0.006
6589,0.006
6634,0.004
6736,0.006
6736,0.006
6736,0.006
6736,0.006
6752,0.018
6752,0.018
6752,0.018
6752,0.018
6752,0.018
6752,0.018
6752,0.018
6752,0.018
6775,0.004
6775,0.004
6796,0.007
6880,0.002
6905,0.008
6905,0.008
6909,0.006
6909,0.006
6909,0.006
6909,0.006
6927,0.004
6982,0.002
6998,0.003
6998,0.003
7039,0.003
7130,0.003
7130,0.003
7182,0.003
7214,0.003
7214,0.003
7214,0.003
7224,0.002
7224,0.002
7244,0.01
7244,0.01
7274,0.006
7416,0.003
7419,0.002
7433,0.001
7485,0.001
7508,0.002
7527,0.002
7601,0.004
7606,0.002
7783,0.003
7785,0.003
7807,0.002
7857,0.002
7887,0.005
7914,0.003
7917,0.003
8038,0.002
8044,0.002
8112,0.003
8112,0.003
8117,0.008
8117,0.008
8117,0.008
8117,0.008
8117,0.008
8198,0.003
8198,0.003
8270,0.001
8270,0.001
8272,0.002
8273,0.002
8310,0.015
8310,0.015
8310,0.015
8310,0.015
8310,0.015
8310,0.015
8310,0.015
8329,0.004
8336,0.004
8385,0.004
8393,0.005
8393,0.005
8419,0.004
8419,0.004
8422,0.004
8548,0.003
8672,0.003
8699,0.002
8756,0.006
8756,0.006
8781,0.009
8781,0.009
8781,0.009
8818,0.013
8818,0.013
8818,0.013
8818,0.013
8818,0.013
8818,0.013
8835,0.003
8835,0.003
8887,0.005
8887,0.005
8887,0.005
8887,0.005
8887,0.005
8889,0.003
8891,0.005
8945,0.002
8968,0.007
8979,0.004
9043,0.009
9043,0.009
9043,0.009
9043,0.009
9043,0.009
9209,0.005
9209,0.005
9209,0.005
9278,0.003
9278,0.003
9278,0.003
9278,0.003
9278,0.003
9278,0.003
9278,0.003
9278,0.003
9384,0.001
9563,0.005
9563,0.005
9574,0.008
9574,0.008
9574,0.008
9575,0.009
9575,0.009
9575,0.009
9589,0.007
9589,0.007
9595,0.002
9608,0.004
9608,0.004
9802,0.002
9835,0.004
9835,0.004
9835,0.004
9896,0.007
9924,0.002
10028,0.007
10082,0.003
10129,0.003
10130,0.009
10130,0.009
10130,0.009
10133,0.003
10228,0.02
10228,0.02
10228,0.02
10255,0.002
10255,0.002
10255,0.002
10365,0.003
10417,0.005
10505,0.004
10561,0.003
10581,0.004
10590,0.002
10640,0.007
10897,0.002
10913,0.002
10914,0.002
10922,0.001
10945,0.002
10970,0.003
10970,0.003
10970,0.003
10970,0.003
11037,0.002
11079,0.002
11153,0.003
11210,0.002
11416,0.005
11429,0.001
11437,0.004
11697,0.008
11697,0.008
11697,0.008
11734,0.007
11740,0.004
11753,0.005
11790,0.003
11844,0.003
11856,0.001
11857,0.011
11857,0.011
11857,0.011
11857,0.011
11857,0.011
11857,0.011
11932,0.002
11932,0.002
11973,0.008
11973,0.008
12013,0.005
12013,0.005
12054,0.003
12063,0.007
12063,0.007
12063,0.007
12141,0.006
12152,0.003
12188,0.002
12188,0.002
12188,0.002
12226,0.009
12226,0.009
12226,0.009
12227,0.002
