t_index,tf-idf
9,0.004
28,0.002
74,0.003
74,0.003
77,0.001
102,0.004
102,0.004
102,0.004
114,0.002
115,0.002
117,0.009
117,0.009
117,0.009
117,0.009
117,0.009
117,0.009
117,0.009
157,0.002
162,0.004
166,0.002
199,0.004
199,0.004
218,0.003
239,0.003
273,0.007
273,0.007
273,0.007
282,0.004
282,0.004
296,0.002
328,0.002
331,0.007
331,0.007
331,0.007
367,0.002
367,0.002
383,0.001
447,0.002
456,0.002
477,0.002
485,0.001
488,0.004
488,0.004
488,0.004
515,0.004
515,0.004
516,0.002
559,0.004
563,0.001
568,0.001
570,0.003
579,0.001
586,0.002
586,0.002
620,0.001
632,0.003
665,0.003
666,0.008
666,0.008
666,0.008
666,0.008
666,0.008
666,0.008
666,0.008
666,0.008
666,0.008
674,0.002
703,0.001
709,0.003
734,0.003
787,0.005
787,0.005
877,0.001
903,0.002
928,0.002
968,0.001
1001,0.005
1001,0.005
1046,0.002
1162,0.002
1166,0.015
1166,0.015
1166,0.015
1166,0.015
1166,0.015
1166,0.015
1166,0.015
1166,0.015
1166,0.015
1166,0.015
1193,0.003
1193,0.003
1193,0.003
1350,0.002
1404,0.003
1432,0.002
1440,0.004
1510,0.001
1510,0.001
1522,0.003
1522,0.003
1522,0.003
1536,0.003
1582,0.002
1609,0.002
1609,0.002
1632,0.003
1713,0.002
1892,0.001
1903,0.002
1905,0.002
1916,0.001
1945,0.003
1945,0.003
1945,0.003
1981,0.002
2016,0.002
2028,0.009
2028,0.009
2028,0.009
2028,0.009
2028,0.009
2028,0.009
2028,0.009
2028,0.009
2028,0.009
2028,0.009
2072,0.001
2077,0.002
2082,0.002
2086,0.002
2089,0.004
2153,0.001
2160,0.002
2167,0.002
2214,0.003
2238,0.002
2239,0.004
2239,0.004
2284,0.004
2284,0.004
2358,0.001
2383,0.003
2394,0.008
2394,0.008
2394,0.008
2407,0.003
2435,0.003
2435,0.003
2551,0.003
2593,0.003
2598,0.004
2615,0.001
2615,0.001
2625,0.003
2629,0.001
2655,0.002
2662,0.001
2666,0.002
2690,0.003
2690,0.003
2711,0.002
2748,0.002
2766,0.005
2766,0.005
2766,0.005
2766,0.005
2773,0.003
2805,0.003
2813,0.005
2813,0.005
2813,0.005
2813,0.005
2813,0.005
2817,0.002
2823,0.003
2849,0.003
2969,0.002
2999,0.005
2999,0.005
3066,0.005
3066,0.005
3119,0.002
3138,0.002
3206,0.002
3246,0.005
3253,0.001
3268,0.003
3268,0.003
3303,0.003
3381,0.003
3381,0.003
3452,0.001
3587,0.001
3648,0.003
3648,0.003
3658,0.009
3658,0.009
3658,0.009
3658,0.009
3658,0.009
3658,0.009
3658,0.009
3658,0.009
3714,0.002
3737,0.003
3780,0.005
3780,0.005
3780,0.005
3797,0.004
3797,0.004
3803,0.002
3808,0.003
3859,0.002
3868,0.002
3868,0.002
3880,0.004
3880,0.004
3880,0.004
3895,0.001
3943,0.002
3962,0.005
3962,0.005
4002,0.002
4002,0.002
4010,0.002
4054,0.002
4067,0.004
4081,0.004
4081,0.004
4081,0.004
4081,0.004
4137,0.003
4166,0.005
4166,0.005
4242,0.004
4294,0.001
4356,0.002
4384,0.001
4388,0.002
4425,0.001
4555,0.003
4570,0.007
4570,0.007
4570,0.007
4570,0.007
4671,0.001
4680,0.002
4754,0.002
4787,0.003
4791,0.001
4798,0.001
4822,0.005
4840,0.001
4893,0.001
4898,0.003
4898,0.003
4908,0.001
4932,0.002
4955,0.003
4955,0.003
4962,0.008
4962,0.008
4962,0.008
4962,0.008
4968,0.001
4972,0.002
4972,0.002
4985,0.002
5185,0.004
5185,0.004
5190,0.001
5277,0.007
5277,0.007
5277,0.007
5277,0.007
5277,0.007
5302,0.002
5311,0.003
5338,0.002
5390,0.003
5390,0.003
5390,0.003
5436,0.002
5437,0.002
5438,0.001
5463,0.004
5484,0.003
5496,0.003
5563,0.004
5586,0.001
5651,0.002
5664,0.002
5730,0.002
5753,0.003
5766,0.002
5766,0.002
5766,0.002
5771,0.002
5961,0.002
5968,0.005
6028,0.001
6030,0.001
6046,0.002
6142,0.001
6148,0.002
6160,0.002
6192,0.003
6192,0.003
6213,0.001
6247,0.003
6264,0.002
6322,0.002
6370,0.001
6398,0.002
6399,0.004
6413,0.001
6463,0.002
6531,0.002
6577,0.002
6587,0.003
6591,0.002
6627,0.001
6657,0.002
6692,0.003
6692,0.003
6722,0.003
6736,0.002
6736,0.002
6825,0.003
6825,0.003
6827,0.004
6827,0.004
6860,0.004
6868,0.003
6889,0.001
6923,0.002
7083,0.009
7083,0.009
7104,0.001
7130,0.002
7130,0.002
7147,0.009
7147,0.009
7147,0.009
7147,0.009
7147,0.009
7147,0.009
7147,0.009
7147,0.009
7157,0.001
7159,0.005
7206,0.002
7224,0.001
7307,0.002
7325,0.002
7327,0.002
7350,0.003
7434,0.004
7434,0.004
7434,0.004
7434,0.004
7434,0.004
7434,0.004
7434,0.004
7434,0.004
7438,0.002
7485,0.001
7485,0.001
7499,0.001
7501,0.003
7501,0.003
7527,0.001
7561,0.005
7644,0.003
7719,0.006
7719,0.006
7719,0.006
7800,0.002
7857,0.002
7878,0.014
7878,0.014
7878,0.014
7878,0.014
7890,0.002
7897,0.004
7897,0.004
7897,0.004
7898,0.001
7898,0.001
7930,0.004
7930,0.004
7934,0.002
7995,0.003
8044,0.002
8044,0.002
8070,0.004
8070,0.004
8115,0.002
8154,0.009
8154,0.009
8154,0.009
8154,0.009
8154,0.009
8154,0.009
8154,0.009
8170,0.001
8198,0.001
8223,0.002
8266,0.002
8270,0.002
8270,0.002
8270,0.002
8270,0.002
8287,0.002
8320,0.002
8359,0.003
8429,0.003
8429,0.003
8461,0.002
8461,0.002
8570,0.002
8578,0.001
8580,0.007
8580,0.007
8699,0.001
8731,0.002
8768,0.005
8768,0.005
8768,0.005
8782,0.005
8782,0.005
8782,0.005
8782,0.005
8835,0.001
8859,0.003
8887,0.004
8887,0.004
8887,0.004
8887,0.004
8887,0.004
8887,0.004
8931,0.006
8931,0.006
8931,0.006
8931,0.006
8931,0.006
8945,0.001
8967,0.003
9055,0.002
9078,0.003
9103,0.002
9145,0.002
9174,0.002
9188,0.003
9272,0.002
9278,0.007
9278,0.007
9278,0.007
9278,0.007
9278,0.007
9278,0.007
9278,0.007
9278,0.007
9278,0.007
9278,0.007
9278,0.007
9278,0.007
9278,0.007
9278,0.007
9278,0.007
9278,0.007
9278,0.007
9278,0.007
9278,0.007
9278,0.007
9278,0.007
9278,0.007
9278,0.007
9278,0.007
9278,0.007
9278,0.007
9280,0.003
9281,0.002
9281,0.002
9298,0.002
9332,0.003
9373,0.003
9373,0.003
9383,0.002
9409,0.005
9409,0.005
9409,0.005
9472,0.002
9506,0.003
9506,0.003
9513,0.003
9513,0.003
9513,0.003
9516,0.001
9522,0.001
9550,0.002
9551,0.001
9553,0.002
9562,0.001
9595,0.001
9601,0.001
9622,0.004
9668,0.002
9713,0.017
9713,0.017
9713,0.017
9713,0.017
9713,0.017
9713,0.017
9713,0.017
9713,0.017
9713,0.017
9713,0.017
9713,0.017
9713,0.017
9713,0.017
9713,0.017
9786,0.005
9786,0.005
9786,0.005
9786,0.005
9796,0.003
9835,0.001
9870,0.003
9941,0.008
9941,0.008
9941,0.008
9941,0.008
9941,0.008
9941,0.008
9941,0.008
10060,0.003
10100,0.003
10107,0.003
10110,0.002
10156,0.004
10156,0.004
10156,0.004
10235,0.001
10255,0.002
10255,0.002
10255,0.002
10255,0.002
10255,0.002
10262,0.002
10285,0.003
10357,0.003
10357,0.003
10507,0.003
10515,0.001
10594,0.002
10623,0.002
10686,0.001
10687,0.001
10697,0.001
10725,0.002
10753,0.003
10753,0.003
10782,0.001
10833,0.003
10834,0.003
10834,0.003
10835,0.005
10835,0.005
10835,0.005
10835,0.005
10861,0.002
10914,0.002
10919,0.002
10922,0.001
10945,0.002
10945,0.002
10970,0.001
10970,0.001
11005,0.003
11005,0.003
11014,0.001
11029,0.007
11029,0.007
11029,0.007
11030,0.003
11046,0.002
11078,0.003
11167,0.003
11191,0.002
11253,0.001
11253,0.001
11253,0.001
11416,0.003
11429,0.001
11437,0.002
11557,0.002
11566,0.001
11569,0.003
11569,0.003
11569,0.003
11582,0.003
11587,0.005
11587,0.005
11623,0.003
11742,0.002
11757,0.001
11873,0.004
11918,0.002
11919,0.003
11947,0.001
11976,0.001
11988,0.003
11988,0.003
12023,0.003
12023,0.003
12034,0.002
12101,0.001
12110,0.001
12115,0.003
12155,0.002
12193,0.007
12193,0.007
12193,0.007
12193,0.007
12193,0.007
12193,0.007
12193,0.007
