t_index,tf-idf
14,0.001
24,0.001
28,0.004
28,0.004
28,0.004
28,0.004
67,0.001
74,0.002
74,0.002
77,0.001
86,0.001
102,0.006
102,0.006
102,0.006
102,0.006
102,0.006
102,0.006
102,0.006
103,0.002
103,0.002
117,0.005
117,0.005
117,0.005
117,0.005
117,0.005
117,0.005
123,0.002
127,0.001
130,0.002
130,0.002
148,0.003
148,0.003
148,0.003
157,0.001
159,0.003
175,0.001
181,0.002
189,0.001
199,0.001
225,0.001
230,0.002
230,0.002
239,0.002
273,0.001
282,0.002
282,0.002
296,0.001
330,0.002
330,0.002
336,0.004
336,0.004
336,0.004
336,0.004
336,0.004
337,0.001
337,0.001
367,0.007
367,0.007
367,0.007
367,0.007
367,0.007
367,0.007
367,0.007
367,0.007
367,0.007
367,0.007
367,0.007
367,0.007
367,0.007
367,0.007
374,0.003
441,0.002
442,0.002
442,0.002
448,0.001
471,0.001
488,0.004
488,0.004
488,0.004
488,0.004
488,0.004
500,0.002
505,0.001
513,0.001
515,0.003
515,0.003
515,0.003
516,0.003
516,0.003
539,0.001
539,0.001
560,0.002
568,0.001
579,0.002
579,0.002
579,0.002
586,0.002
586,0.002
586,0.002
620,0.001
632,0.002
636,0.003
636,0.003
665,0.002
666,0.009
666,0.009
666,0.009
666,0.009
666,0.009
666,0.009
666,0.009
666,0.009
666,0.009
666,0.009
666,0.009
666,0.009
666,0.009
666,0.009
666,0.009
666,0.009
666,0.009
666,0.009
674,0.001
676,0.002
686,0.001
778,0.001
785,0.003
787,0.001
868,0.001
877,0.001
877,0.001
903,0.002
903,0.002
947,0.002
947,0.002
993,0.002
1062,0.001
1102,0.002
1102,0.002
1111,0.006
1111,0.006
1111,0.006
1111,0.006
1111,0.006
1111,0.006
1166,0.006
1166,0.006
1166,0.006
1166,0.006
1166,0.006
1166,0.006
1166,0.006
1193,0.002
1193,0.002
1193,0.002
1323,0.002
1323,0.002
1341,0.001
1344,0.001
1384,0.002
1401,0.001
1432,0.003
1432,0.003
1440,0.002
1453,0.002
1453,0.002
1510,0.001
1510,0.001
1522,0.003
1522,0.003
1522,0.003
1522,0.003
1529,0.002
1529,0.002
1550,0.002
1562,0.001
1570,0.002
1609,0.001
1651,0.002
1651,0.002
1662,0.002
1671,0.001
1675,0.002
1685,0.001
1739,0.002
1741,0.002
1801,0.001
1874,0.001
1892,0.001
1901,0.011
1901,0.011
1901,0.011
1901,0.011
1901,0.011
1901,0.011
1901,0.011
1901,0.011
1905,0.001
1916,0.002
1916,0.002
1916,0.002
1920,0.001
1945,0.003
1945,0.003
1945,0.003
1945,0.003
1945,0.003
1945,0.003
2016,0.011
2016,0.011
2016,0.011
2016,0.011
2016,0.011
2016,0.011
2016,0.011
2016,0.011
2016,0.011
2023,0.003
2028,0.011
2028,0.011
2028,0.011
2028,0.011
2028,0.011
2028,0.011
2028,0.011
2028,0.011
2028,0.011
2028,0.011
2028,0.011
2028,0.011
2028,0.011
2028,0.011
2028,0.011
2028,0.011
2028,0.011
2028,0.011
2028,0.011
2028,0.011
2028,0.011
2117,0.002
2167,0.001
2208,0.002
2252,0.001
2252,0.001
2264,0.001
2358,0.001
2358,0.001
2383,0.004
2383,0.004
2435,0.003
2435,0.003
2435,0.003
2435,0.003
2441,0.001
2444,0.002
2563,0.001
2615,0.001
2615,0.001
2629,0.001
2635,0.001
2641,0.001
2643,0.001
2663,0.003
2663,0.003
2666,0.001
2690,0.002
2690,0.002
2700,0.001
2720,0.002
2766,0.002
2766,0.002
2766,0.002
2768,0.001
2783,0.001
2797,0.003
2797,0.003
2805,0.002
2807,0.002
2807,0.002
2813,0.003
2813,0.003
2813,0.003
2813,0.003
2813,0.003
2820,0.002
2823,0.002
2826,0.001
2837,0.003
2880,0.001
2880,0.001
2918,0.002
2918,0.002
2922,0.001
2999,0.003
2999,0.003
3045,0.002
3066,0.001
3119,0.003
3119,0.003
3138,0.003
3138,0.003
3138,0.003
3252,0.001
3268,0.004
3268,0.004
3268,0.004
3268,0.004
3268,0.004
3269,0.001
3278,0.002
3279,0.003
3312,0.001
3314,0.002
3314,0.002
3314,0.002
3322,0.001
3372,0.001
3381,0.002
3381,0.002
3422,0.001
3422,0.001
3434,0.002
3436,0.001
3451,0.002
3452,0.002
3452,0.002
3500,0.001
3501,0.002
3522,0.002
3536,0.002
3560,0.002
3569,0.001
3573,0.001
3587,0.003
3587,0.003
3587,0.003
3587,0.003
3596,0.002
3630,0.001
3639,0.002
3639,0.002
3639,0.002
3648,0.002
3648,0.002
3655,0.003
3655,0.003
3658,0.01
3658,0.01
3658,0.01
3658,0.01
3658,0.01
3658,0.01
3658,0.01
3658,0.01
3658,0.01
3658,0.01
3658,0.01
3658,0.01
3658,0.01
3658,0.01
3658,0.01
3661,0.001
3665,0.001
3698,0.001
3698,0.001
3714,0.001
3736,0.001
3736,0.001
3767,0.001
3782,0.001
3791,0.001
3797,0.002
3797,0.002
3855,0.001
3895,0.0
3943,0.001
3952,0.001
3962,0.003
3962,0.003
3973,0.002
4011,0.002
4025,0.003
4025,0.003
4025,0.003
4025,0.003
4025,0.003
4025,0.003
4037,0.002
4081,0.001
4132,0.001
4145,0.001
4149,0.002
4154,0.001
4241,0.002
4246,0.002
4263,0.002
4263,0.002
4294,0.001
4294,0.001
4313,0.001
4324,0.001
4371,0.005
4371,0.005
4371,0.005
4385,0.002
4414,0.001
4422,0.001
4425,0.0
4462,0.002
4467,0.002
4504,0.002
4526,0.004
4526,0.004
4526,0.004
4526,0.004
4526,0.004
4526,0.004
4544,0.001
4557,0.003
4557,0.003
4570,0.004
4570,0.004
4570,0.004
4570,0.004
4636,0.002
4680,0.002
4680,0.002
4744,0.003
4744,0.003
4744,0.003
4744,0.003
4754,0.001
4767,0.001
4786,0.002
4787,0.003
4787,0.003
4798,0.003
4798,0.003
4798,0.003
4798,0.003
4798,0.003
4800,0.002
4840,0.001
4844,0.001
4873,0.001
4893,0.001
4898,0.002
4898,0.002
4916,0.002
4939,0.001
4955,0.003
4955,0.003
4955,0.003
4968,0.001
4972,0.002
4972,0.002
4972,0.002
4980,0.002
4980,0.002
5007,0.002
5007,0.002
5041,0.002
5104,0.002
5112,0.003
5112,0.003
5112,0.003
5152,0.002
5162,0.001
5165,0.002
5183,0.002
5190,0.002
5190,0.002
5190,0.002
5209,0.002
5218,0.001
5263,0.001
5277,0.003
5277,0.003
5277,0.003
5277,0.003
5278,0.001
5294,0.001
5333,0.002
5333,0.002
5337,0.002
5338,0.001
5345,0.001
5390,0.002
5390,0.002
5390,0.002
5390,0.002
5398,0.001
5405,0.005
5405,0.005
5405,0.005
5406,0.004
5406,0.004
5426,0.003
5426,0.003
5426,0.003
5430,0.002
5437,0.003
5437,0.003
5437,0.003
5496,0.002
5559,0.003
5559,0.003
5591,0.001
5595,0.002
5613,0.002
5716,0.001
5730,0.001
5766,0.001
5766,0.001
5766,0.001
5771,0.002
5771,0.002
5806,0.001
5809,0.001
5884,0.002
5905,0.001
5962,0.001
5971,0.0
5976,0.001
6017,0.001
6025,0.001
6028,0.001
6028,0.001
6030,0.001
6052,0.002
6081,0.002
6081,0.002
6124,0.001
6124,0.001
6124,0.001
6132,0.001
6142,0.002
6142,0.002
6148,0.001
6160,0.002
6160,0.002
6171,0.001
6176,0.001
6176,0.001
6184,0.001
6213,0.001
6213,0.001
6322,0.001
6370,0.001
6398,0.001
6466,0.002
6545,0.001
6582,0.001
6591,0.001
6599,0.001
6618,0.002
6618,0.002
6618,0.002
6627,0.001
6627,0.001
6656,0.002
6659,0.001
6692,0.004
6692,0.004
6692,0.004
6692,0.004
6692,0.004
6736,0.002
6736,0.002
6736,0.002
6825,0.001
6826,0.007
6826,0.007
6826,0.007
6826,0.007
6826,0.007
6826,0.007
6827,0.001
6880,0.002
6880,0.002
6909,0.001
6923,0.004
6923,0.004
6923,0.004
6963,0.007
6963,0.007
6963,0.007
6963,0.007
6983,0.001
7130,0.001
7130,0.001
7130,0.001
7142,0.002
7142,0.002
7147,0.004
7147,0.004
7147,0.004
7147,0.004
7147,0.004
7147,0.004
7147,0.004
7160,0.001
7167,0.001
7168,0.002
7182,0.001
7208,0.002
7208,0.002
7224,0.001
7224,0.001
7266,0.002
7325,0.002
7325,0.002
7350,0.002
7401,0.001
7416,0.003
7416,0.003
7416,0.003
7432,0.001
7433,0.001
7433,0.001
7434,0.005
7434,0.005
7434,0.005
7434,0.005
7434,0.005
7434,0.005
7434,0.005
7434,0.005
7434,0.005
7434,0.005
7434,0.005
7434,0.005
7434,0.005
7434,0.005
7434,0.005
7485,0.003
7485,0.003
7485,0.003
7485,0.003
7485,0.003
7485,0.003
7485,0.003
7485,0.003
7485,0.003
7485,0.003
7485,0.003
7485,0.003
7499,0.001
7501,0.005
7501,0.005
7501,0.005
7501,0.005
7501,0.005
7501,0.005
7513,0.005
7513,0.005
7513,0.005
7513,0.005
7527,0.002
7527,0.002
7535,0.001
7551,0.001
7562,0.003
7562,0.003
7562,0.003
7562,0.003
7653,0.002
7691,0.001
7719,0.002
7719,0.002
7779,0.001
7779,0.001
7783,0.001
7857,0.003
7857,0.003
7857,0.003
7890,0.003
7890,0.003
7897,0.01
7897,0.01
7897,0.01
7897,0.01
7897,0.01
7897,0.01
7897,0.01
7897,0.01
7897,0.01
7897,0.01
7897,0.01
7900,0.002
7930,0.005
7930,0.005
7930,0.005
7930,0.005
7934,0.001
7986,0.002
8000,0.002
8044,0.002
8044,0.002
8044,0.002
8102,0.001
8102,0.001
8154,0.003
8154,0.003
8154,0.003
8154,0.003
8166,0.002
8170,0.001
8170,0.001
8185,0.003
8185,0.003
8192,0.002
8198,0.001
8198,0.001
8220,0.002
8229,0.002
8250,0.002
8251,0.002
8270,0.001
8270,0.001
8270,0.001
8270,0.001
8270,0.001
8272,0.001
8275,0.001
8278,0.001
8285,0.001
8331,0.001
8359,0.001
8390,0.002
8390,0.002
8429,0.002
8429,0.002
8456,0.002
8489,0.001
8502,0.001
8531,0.001
8540,0.002
8546,0.002
8570,0.003
8570,0.003
8570,0.003
8672,0.001
8699,0.002
8699,0.002
8768,0.006
8768,0.006
8768,0.006
8768,0.006
8768,0.006
8768,0.006
8768,0.006
8782,0.002
8782,0.002
8782,0.002
8807,0.002
8812,0.001
8813,0.001
8835,0.0
8838,0.003
8838,0.003
8859,0.002
8872,0.001
8887,0.001
8887,0.001
8895,0.002
8895,0.002
8921,0.001
8923,0.002
8931,0.003
8931,0.003
8931,0.003
8931,0.003
8933,0.001
8945,0.001
8946,0.001
8955,0.003
8955,0.003
8967,0.002
8970,0.002
8972,0.002
8972,0.002
8972,0.002
9056,0.003
9060,0.001
9069,0.001
9103,0.001
9121,0.003
9145,0.001
9154,0.001
9170,0.002
9175,0.002
9263,0.002
9272,0.001
9278,0.005
9278,0.005
9278,0.005
9278,0.005
9278,0.005
9278,0.005
9278,0.005
9278,0.005
9278,0.005
9278,0.005
9278,0.005
9278,0.005
9278,0.005
9278,0.005
9278,0.005
9278,0.005
9278,0.005
9278,0.005
9278,0.005
9278,0.005
9278,0.005
9278,0.005
9278,0.005
9278,0.005
9278,0.005
9278,0.005
9278,0.005
9278,0.005
9278,0.005
9278,0.005
9278,0.005
9281,0.002
9281,0.002
9281,0.002
9281,0.002
9298,0.001
9319,0.002
9373,0.004
9373,0.004
9373,0.004
9373,0.004
9377,0.001
9384,0.0
9412,0.002
9412,0.002
9452,0.002
9471,0.003
9506,0.002
9506,0.002
9513,0.003
9513,0.003
9513,0.003
9513,0.003
9513,0.003
9555,0.004
9555,0.004
9555,0.004
9555,0.004
9555,0.004
9559,0.002
9593,0.001
9601,0.001
9612,0.002
9612,0.002
9612,0.002
9612,0.002
9713,0.009
9713,0.009
9713,0.009
9713,0.009
9713,0.009
9713,0.009
9713,0.009
9713,0.009
9713,0.009
9713,0.009
9713,0.009
9713,0.009
9713,0.009
9741,0.001
9758,0.001
9758,0.001
9786,0.001
9802,0.001
9835,0.002
9835,0.002
9835,0.002
9835,0.002
9860,0.001
9915,0.002
9942,0.002
10037,0.003
10054,0.001
10060,0.003
10060,0.003
10065,0.001
10082,0.001
10119,0.003
10119,0.003
10122,0.001
10155,0.002
10192,0.002
10206,0.001
10235,0.001
10245,0.004
10245,0.004
10255,0.003
10255,0.003
10255,0.003
10255,0.003
10255,0.003
10255,0.003
10255,0.003
10255,0.003
10255,0.003
10255,0.003
10255,0.003
10255,0.003
10262,0.003
10262,0.003
10262,0.003
10271,0.001
10357,0.002
10357,0.002
10357,0.002
10413,0.001
10436,0.003
10436,0.003
10502,0.002
10513,0.002
10513,0.002
10515,0.001
10590,0.001
10594,0.001
10660,0.001
10686,0.001
10686,0.001
10686,0.001
10687,0.001
10725,0.001
10753,0.002
10753,0.002
10762,0.001
10782,0.001
10812,0.002
10834,0.006
10834,0.006
10834,0.006
10834,0.006
10834,0.006
10834,0.006
10835,0.002
10835,0.002
10835,0.002
10846,0.001
10894,0.001
10913,0.001
10919,0.004
10919,0.004
10919,0.004
10919,0.004
10922,0.001
10922,0.001
10945,0.003
10945,0.003
10945,0.003
10945,0.003
10955,0.002
10955,0.002
10970,0.001
10970,0.001
10970,0.001
10970,0.001
10983,0.001
11046,0.001
11087,0.001
11093,0.001
11095,0.001
11128,0.001
11136,0.004
11136,0.004
11136,0.004
11138,0.001
11151,0.001
11169,0.007
11169,0.007
11169,0.007
11169,0.007
11191,0.001
11253,0.001
11253,0.001
11253,0.001
11256,0.002
11272,0.001
11429,0.003
11429,0.003
11429,0.003
11429,0.003
11429,0.003
11429,0.003
11524,0.002
11544,0.001
11566,0.001
11582,0.002
11587,0.001
11669,0.002
11693,0.001
11695,0.002
11713,0.002
11741,0.002
11741,0.002
11757,0.002
11757,0.002
11757,0.002
11806,0.001
11815,0.001
11838,0.001
11856,0.001
11872,0.004
11872,0.004
11872,0.004
11872,0.004
11880,0.001
11884,0.003
11884,0.003
11884,0.003
11884,0.003
11887,0.001
11892,0.001
11895,0.002
11904,0.001
11929,0.002
11932,0.001
11932,0.001
11932,0.001
11947,0.001
11947,0.001
11955,0.001
11988,0.002
11988,0.002
11988,0.002
12007,0.001
12023,0.001
12026,0.002
12064,0.002
12110,0.002
12110,0.002
12110,0.002
12110,0.002
12124,0.002
12124,0.002
12188,0.0
12193,0.006
12193,0.006
12193,0.006
12193,0.006
12193,0.006
12193,0.006
12193,0.006
12193,0.006
12193,0.006
12194,0.001
12198,0.001
