t_index,tf-idf
28,0.005
28,0.005
101,0.002
104,0.002
114,0.005
114,0.005
117,0.011
117,0.011
117,0.011
117,0.011
117,0.011
117,0.011
185,0.003
189,0.003
230,0.004
230,0.004
231,0.004
337,0.002
337,0.002
337,0.002
340,0.005
340,0.005
367,0.002
367,0.002
418,0.004
448,0.001
485,0.003
485,0.003
503,0.011
503,0.011
516,0.003
539,0.002
568,0.002
586,0.007
586,0.007
586,0.007
586,0.007
666,0.005
666,0.005
666,0.005
666,0.005
759,0.001
774,0.008
774,0.008
775,0.003
877,0.002
913,0.004
945,0.002
968,0.001
1095,0.003
1111,0.004
1111,0.004
1166,0.004
1166,0.004
1172,0.005
1172,0.005
1172,0.005
1193,0.004
1193,0.004
1193,0.004
1340,0.003
1341,0.009
1341,0.009
1341,0.009
1350,0.002
1362,0.002
1374,0.005
1506,0.005
1522,0.001
1527,0.005
1559,0.004
1562,0.002
1609,0.002
1685,0.002
1789,0.006
1860,0.007
1905,0.021
1905,0.021
1905,0.021
1905,0.021
1905,0.021
1905,0.021
1905,0.021
1953,0.005
2014,0.004
2028,0.004
2028,0.004
2028,0.004
2091,0.002
2125,0.003
2167,0.004
2167,0.004
2252,0.002
2308,0.007
2332,0.007
2377,0.003
2398,0.004
2614,0.004
2629,0.004
2629,0.004
2641,0.002
2663,0.003
2813,0.005
2813,0.005
2813,0.005
2826,0.002
2881,0.005
2922,0.003
3052,0.004
3066,0.003
3157,0.004
3230,0.004
3268,0.002
3349,0.013
3349,0.013
3349,0.013
3355,0.004
3381,0.004
3381,0.004
3438,0.013
3438,0.013
3457,0.005
3554,0.005
3560,0.004
3587,0.004
3587,0.004
3658,0.006
3658,0.006
3658,0.006
3658,0.006
3886,0.016
3886,0.016
3886,0.016
3895,0.001
3910,0.003
3910,0.003
3914,0.004
3916,0.003
3978,0.003
4005,0.006
4025,0.001
4035,0.003
4035,0.003
4096,0.003
4098,0.005
4132,0.003
4145,0.008
4145,0.008
4145,0.008
4145,0.008
4145,0.008
4146,0.003
4247,0.005
4268,0.006
4324,0.011
4324,0.011
4324,0.011
4324,0.011
4441,0.006
4521,0.002
4544,0.005
4544,0.005
4581,0.005
4680,0.007
4680,0.007
4680,0.007
4765,0.005
4798,0.004
4798,0.004
4798,0.004
4898,0.004
4898,0.004
4932,0.003
4955,0.002
4979,0.004
4996,0.005
5007,0.003
5029,0.005
5033,0.003
5062,0.005
5077,0.003
5112,0.002
5190,0.003
5190,0.003
5263,0.002
5277,0.009
5277,0.009
5277,0.009
5277,0.009
5277,0.009
5278,0.003
5390,0.004
5390,0.004
5390,0.004
5489,0.003
5608,0.006
5623,0.004
5726,0.008
5726,0.008
5740,0.005
5766,0.004
5766,0.004
5766,0.004
5766,0.004
5776,0.007
5897,0.007
5917,0.006
5918,0.006
5928,0.007
5941,0.004
5944,0.007
5976,0.003
5976,0.003
6028,0.002
6037,0.004
6160,0.007
6160,0.007
6160,0.007
6184,0.003
6211,0.003
6317,0.007
6365,0.004
6398,0.005
6398,0.005
6400,0.007
6413,0.001
6468,0.005
6468,0.005
6562,0.007
6574,0.01
6574,0.01
6586,0.006
6591,0.005
6591,0.005
6627,0.003
6627,0.003
6656,0.008
6656,0.008
6730,0.002
6736,0.001
6783,0.003
6825,0.009
6825,0.009
6825,0.009
6825,0.009
6825,0.009
6895,0.007
6939,0.008
6939,0.008
6939,0.008
6939,0.008
6946,0.006
7104,0.004
7104,0.004
7142,0.002
7147,0.006
7147,0.006
7147,0.006
7147,0.006
7254,0.006
7260,0.007
7325,0.005
7325,0.005
7433,0.003
7433,0.003
7433,0.003
7434,0.007
7434,0.007
7434,0.007
7434,0.007
7434,0.007
7434,0.007
7434,0.007
7434,0.007
7434,0.007
7485,0.002
7485,0.002
7485,0.002
7494,0.003
7501,0.002
7568,0.007
7677,0.005
7686,0.004
7723,0.005
7771,0.007
7824,0.003
7890,0.003
7897,0.006
7897,0.006
7897,0.006
7898,0.001
8044,0.001
8046,0.004
8046,0.004
8112,0.002
8154,0.002
8159,0.005
8198,0.001
8401,0.002
8595,0.004
8650,0.012
8650,0.012
8650,0.012
8698,0.002
8721,0.002
8725,0.009
8725,0.009
8768,0.004
8768,0.004
8782,0.002
8813,0.002
8818,0.004
8818,0.004
8941,0.003
8972,0.001
9001,0.006
9019,0.004
9021,0.003
9048,0.007
9103,0.003
9107,0.007
9113,0.007
9137,0.004
9139,0.007
9179,0.005
9215,0.001
9239,0.006
9278,0.004
9278,0.004
9278,0.004
9278,0.004
9278,0.004
9278,0.004
9278,0.004
9278,0.004
9278,0.004
9278,0.004
9281,0.019
9281,0.019
9281,0.019
9281,0.019
9281,0.019
9281,0.019
9281,0.019
9281,0.019
9281,0.019
9281,0.019
9281,0.019
9281,0.019
9281,0.019
9324,0.003
9325,0.009
9325,0.009
9351,0.007
9372,0.002
9374,0.007
9444,0.005
9445,0.005
9475,0.004
9478,0.028
9478,0.028
9478,0.028
9478,0.028
9478,0.028
9478,0.028
9513,0.001
9522,0.002
9555,0.002
9562,0.004
9562,0.004
9608,0.004
9608,0.004
9612,0.003
9612,0.003
9673,0.006
9713,0.005
9713,0.005
9713,0.005
9786,0.002
9804,0.007
9942,0.004
10058,0.007
10082,0.003
10111,0.011
10111,0.011
10111,0.011
10156,0.003
10156,0.003
10206,0.003
10255,0.001
10262,0.002
10515,0.002
10622,0.007
10660,0.002
10687,0.002
10737,0.006
10753,0.002
10759,0.021
10759,0.021
10759,0.021
10759,0.021
10759,0.021
10811,0.004
10835,0.003
10835,0.003
10846,0.007
10846,0.007
10846,0.007
10945,0.003
10945,0.003
10963,0.005
10977,0.011
10977,0.011
10983,0.003
11136,0.003
11138,0.007
11138,0.007
11173,0.007
11178,0.003
11253,0.002
11253,0.002
11253,0.002
11429,0.002
11429,0.002
11587,0.013
11587,0.013
11587,0.013
11587,0.013
11671,0.006
11680,0.003
11835,0.002
11862,0.009
11862,0.009
11892,0.002
11947,0.003
11947,0.003
11950,0.002
11988,0.002
12002,0.002
12003,0.005
12004,0.005
12025,0.005
12081,0.002
12091,0.007
12179,0.004
12193,0.007
12193,0.007
12193,0.007
12193,0.007
12193,0.007
12194,0.002
