t_index,tf-idf
14,0.007
14,0.007
77,0.002
114,0.003
115,0.003
127,0.011
127,0.011
127,0.011
130,0.002
197,0.002
210,0.003
225,0.006
225,0.006
225,0.006
273,0.003
296,0.004
337,0.003
337,0.003
337,0.003
366,0.002
367,0.001
440,0.015
440,0.015
440,0.015
447,0.003
485,0.002
515,0.003
517,0.005
555,0.005
558,0.004
582,0.004
656,0.005
666,0.003
666,0.003
670,0.006
670,0.006
674,0.003
731,0.008
731,0.008
759,0.002
759,0.002
836,0.003
1100,0.005
1296,0.005
1296,0.005
1302,0.01
1302,0.01
1323,0.003
1335,0.002
1341,0.003
1510,0.002
1510,0.002
1529,0.002
1538,0.004
1750,0.004
1801,0.004
1801,0.004
1901,0.004
1945,0.011
1945,0.011
1945,0.011
1945,0.011
1945,0.011
1945,0.011
1945,0.011
1981,0.004
1988,0.003
2028,0.004
2028,0.004
2028,0.004
2072,0.007
2072,0.007
2072,0.007
2153,0.005
2153,0.005
2158,0.003
2252,0.002
2266,0.016
2266,0.016
2266,0.016
2281,0.005
2343,0.004
2445,0.003
2467,0.005
2615,0.001
2689,0.002
2742,0.002
2748,0.003
2765,0.004
2813,0.002
2862,0.005
2885,0.003
2886,0.006
2886,0.006
2917,0.005
2923,0.003
3252,0.004
3252,0.004
3268,0.009
3268,0.009
3268,0.009
3268,0.009
3289,0.008
3303,0.01
3303,0.01
3314,0.004
3314,0.004
3322,0.008
3322,0.008
3324,0.002
3378,0.008
3378,0.008
3421,0.008
3421,0.008
3422,0.006
3422,0.006
3422,0.006
3422,0.006
3569,0.001
3658,0.003
3658,0.003
3780,0.002
3796,0.002
3868,0.004
3868,0.004
3880,0.002
3928,0.006
3943,0.006
3943,0.006
4002,0.002
4122,0.004
4145,0.005
4145,0.005
4145,0.005
4180,0.003
4256,0.006
4263,0.003
4276,0.005
4294,0.005
4294,0.005
4294,0.005
4330,0.003
4330,0.003
4384,0.001
4414,0.003
4438,0.007
4671,0.002
4684,0.003
4893,0.002
4898,0.002
4939,0.002
4954,0.011
4954,0.011
4957,0.004
4968,0.001
4972,0.006
4972,0.006
4972,0.006
4972,0.006
5104,0.004
5112,0.002
5335,0.003
5345,0.005
5345,0.005
5359,0.005
5436,0.003
5437,0.003
5484,0.004
5496,0.005
5766,0.002
5766,0.002
5767,0.004
5774,0.005
5780,0.005
5813,0.015
5813,0.015
5813,0.015
5971,0.001
5973,0.002
6019,0.004
6019,0.004
6019,0.004
6155,0.004
6171,0.002
6176,0.002
6213,0.003
6213,0.003
6251,0.003
6323,0.006
6524,0.004
6531,0.006
6531,0.006
6545,0.002
6581,0.003
6599,0.004
6599,0.004
6692,0.009
6692,0.009
6692,0.009
6692,0.009
6693,0.008
6693,0.008
6775,0.002
6830,0.003
6868,0.004
6889,0.004
6889,0.004
6923,0.004
6941,0.005
6982,0.002
6997,0.034
6997,0.034
6997,0.034
6997,0.034
6997,0.034
6997,0.034
7130,0.001
7138,0.005
7142,0.003
7147,0.002
7172,0.002
7181,0.006
7181,0.006
7224,0.001
7263,0.004
7263,0.004
7410,0.003
7416,0.003
7433,0.001
7434,0.001
7501,0.002
7719,0.013
7719,0.013
7719,0.013
7719,0.013
7779,0.002
7857,0.007
7857,0.007
7857,0.007
7898,0.002
7898,0.002
7917,0.004
8038,0.002
8044,0.002
8117,0.003
8117,0.003
8231,0.006
8270,0.007
8270,0.007
8270,0.007
8270,0.007
8270,0.007
8270,0.007
8270,0.007
8270,0.007
8270,0.007
8270,0.007
8272,0.002
8273,0.002
8298,0.002
8300,0.005
8358,0.003
8378,0.008
8378,0.008
8548,0.003
8571,0.005
8653,0.002
8735,0.007
8773,0.002
8782,0.004
8782,0.004
8835,0.001
8859,0.005
8887,0.002
8887,0.002
8923,0.004
8931,0.002
9055,0.003
9094,0.003
9103,0.003
9207,0.004
9278,0.004
9278,0.004
9278,0.004
9278,0.004
9278,0.004
9278,0.004
9278,0.004
9278,0.004
9278,0.004
9278,0.004
9281,0.005
9281,0.005
9281,0.005
9298,0.004
9372,0.006
9372,0.006
9372,0.006
9373,0.003
9413,0.005
9489,0.005
9506,0.008
9506,0.008
9506,0.008
9506,0.008
9513,0.001
9593,0.002
9661,0.006
9688,0.006
9750,0.003
9786,0.002
9796,0.008
9796,0.008
9857,0.004
9859,0.003
10065,0.003
10105,0.002
10154,0.006
10154,0.006
10223,0.006
10255,0.001
10271,0.002
10357,0.004
10357,0.004
10427,0.003
10528,0.019
10528,0.019
10528,0.019
10528,0.019
10528,0.019
10534,0.002
10556,0.002
10663,0.004
10686,0.004
10686,0.004
10686,0.004
10697,0.008
10697,0.008
10697,0.008
10697,0.008
10738,0.004
10781,0.006
10781,0.006
10827,0.004
10835,0.002
10922,0.001
10945,0.004
10945,0.004
10970,0.001
11001,0.001
11005,0.003
11014,0.003
11014,0.003
11033,0.004
11037,0.002
11046,0.004
11063,0.007
11063,0.007
11079,0.002
11087,0.003
11128,0.006
11128,0.006
11171,0.006
11171,0.006
11253,0.001
11569,0.003
11569,0.003
11608,0.004
11670,0.006
11693,0.005
11693,0.005
11741,0.01
11741,0.01
11741,0.01
11741,0.01
11793,0.004
11806,0.003
11880,0.003
11932,0.001
11934,0.005
11955,0.005
11955,0.005
11964,0.004
11976,0.002
11988,0.008
11988,0.008
11988,0.008
11988,0.008
12063,0.002
12099,0.005
12099,0.005
12101,0.005
12101,0.005
12101,0.005
12101,0.005
12182,0.005
12193,0.002
12194,0.002
