t_index,tf-idf
22,0.081
74,0.024
82,0.025
136,0.15
185,0.034
186,0.037
266,0.044
330,0.027
422,0.038
448,0.017
496,0.05
544,0.038
579,0.021
628,0.048
638,0.041
665,0.051
674,0.035
830,0.07
844,0.072
874,0.054
935,0.054
1044,0.037
1197,0.075
1230,0.037
1442,0.059
1452,0.048
1469,0.038
1478,0.042
1510,0.039
1516,0.04
1528,0.037
1540,0.072
1541,0.051
1551,0.034
1562,0.023
1732,0.042
1801,0.02
1888,0.034
1889,0.073
1958,0.017
1988,0.222
2004,0.052
2011,0.045
2080,0.04
2224,0.056
2229,0.028
2244,0.045
2252,0.019
2323,0.031
2348,0.046
2358,0.035
2362,0.076
2367,0.103
2506,0.056
2638,0.064
2655,0.031
2662,0.088
2695,0.062
2741,0.031
2768,0.041
2807,0.08
2880,0.041
3119,0.036
3155,0.051
3284,0.032
3312,0.032
3343,0.045
3359,0.056
3388,0.027
3391,0.064
3594,0.037
3615,0.048
3616,0.048
3655,0.039
3659,0.046
3698,0.021
3760,0.059
3831,0.05
3853,0.032
3855,0.029
3867,0.034
3895,0.011
3910,0.019
3994,0.075
4025,0.013
4057,0.05
4077,0.018
4145,0.058
4280,0.04
4291,0.032
4551,0.2
4657,0.067
4671,0.048
4710,0.05
4744,0.02
4809,0.041
5006,0.075
5018,0.026
5086,0.046
5112,0.026
5176,0.075
5190,0.016
5275,0.029
5305,0.03
5316,0.032
5322,0.051
5354,0.019
5461,0.292
5462,0.044
5631,0.034
5656,0.276
5733,0.034
5806,0.018
5809,0.023
5826,0.054
5827,0.07
5964,0.031
5971,0.009
5973,0.023
5991,0.043
6019,0.138
6219,0.045
6242,0.024
6359,0.026
6370,0.02
6394,0.075
6413,0.014
6424,0.047
6599,0.022
6627,0.019
6736,0.065
6752,0.025
6775,0.022
6959,0.034
7130,0.057
7182,0.031
7214,0.012
7234,0.018
7252,0.064
7271,0.062
7307,0.038
7327,0.033
7419,0.027
7434,0.009
7457,0.017
7485,0.028
7508,0.105
7527,0.025
7566,0.471
7570,0.036
7764,0.035
7781,0.041
7783,0.035
7857,0.054
7898,0.029
8117,0.037
8122,0.039
8147,0.029
8198,0.029
8237,0.036
8268,0.052
8270,0.016
8272,0.038
8287,0.042
8343,0.042
8358,0.056
8393,0.025
8419,0.023
8479,0.067
8504,0.041
8578,0.026
8659,0.038
8756,0.035
8781,0.034
8803,0.048
8808,0.034
8835,0.029
8877,0.044
8893,0.062
8902,0.032
8941,0.035
9094,0.03
9209,0.082
9215,0.069
9277,0.07
9278,0.024
9330,0.075
9372,0.042
9384,0.007
9513,0.014
9533,0.042
9574,0.03
9612,0.035
9721,0.047
9732,0.038
9802,0.025
9835,0.028
9924,0.026
9941,0.02
10207,0.047
10235,0.025
10255,0.007
10258,0.028
10301,0.025
10329,0.013
10363,0.033
10397,0.043
10462,0.045
10473,0.045
10493,0.07
10516,0.041
10556,0.05
10561,0.075
10580,0.034
10753,0.026
10785,0.028
10897,0.024
10919,0.084
10921,0.038
10948,0.15
10955,0.028
11044,0.045
11088,0.032
11248,0.06
11419,0.045
11472,0.099
11530,0.056
11540,0.038
11557,0.029
11566,0.034
11575,0.04
11642,0.057
11741,0.056
11835,0.029
11872,0.055
11920,0.039
11932,0.013
11947,0.018
11955,0.026
11988,0.022
12041,0.067
12188,0.008
12214,0.03
12227,0.025
