t_index,tf-idf
28,0.055
49,0.052
70,0.051
82,0.024
102,0.023
117,0.103
127,0.036
148,0.031
174,0.046
175,0.07
186,0.034
188,0.048
199,0.057
211,0.034
230,0.02
331,0.037
336,0.042
337,0.009
355,0.035
367,0.013
396,0.053
436,0.051
447,0.032
448,0.016
477,0.092
513,0.032
515,0.121
539,0.02
582,0.037
586,0.12
666,0.099
670,0.031
703,0.032
759,0.035
848,0.042
868,0.038
877,0.02
903,0.029
968,0.029
981,0.039
1062,0.168
1111,0.204
1149,0.051
1150,0.078
1172,0.117
1174,0.106
1193,0.096
1220,0.034
1242,0.041
1254,0.07
1296,0.025
1409,0.062
1510,0.012
1609,0.04
1619,0.041
1656,0.078
1685,0.022
1718,0.07
1723,0.027
1892,0.047
1945,0.015
2016,0.033
2028,0.118
2035,0.028
2072,0.024
2077,0.057
2091,0.025
2096,0.03
2153,0.023
2162,0.054
2247,0.036
2252,0.017
2316,0.042
2413,0.034
2419,0.036
2435,0.023
2441,0.026
2449,0.024
2464,0.058
2474,0.047
2526,0.025
2615,0.018
2631,0.047
2641,0.018
2655,0.029
2663,0.036
2666,0.035
2690,0.022
2753,0.081
2766,0.02
2777,0.062
2791,0.058
2794,0.038
2813,0.017
2817,0.056
2823,0.048
2887,0.044
2921,0.03
2922,0.037
2923,0.026
2953,0.112
2985,0.052
3010,0.039
3020,0.058
3040,0.093
3105,0.053
3138,0.025
3253,0.02
3268,0.024
3269,0.037
3314,0.02
3329,0.032
3381,0.049
3413,0.048
3429,0.035
3500,0.028
3587,0.024
3639,0.02
3742,0.04
3780,0.101
3803,0.031
3844,0.034
3855,0.027
3868,0.018
3880,0.024
3895,0.04
3903,0.078
3909,0.056
3910,0.017
3954,0.069
3978,0.036
4010,0.026
4025,0.036
4051,0.078
4057,0.016
4075,0.035
4077,0.051
4081,0.031
4092,0.053
4122,0.042
4173,0.029
4324,0.095
4330,0.015
4355,0.021
4384,0.024
4420,0.023
4526,0.019
4544,0.029
4655,0.037
4680,0.027
4744,0.019
4775,0.031
4816,0.07
4898,0.023
4908,0.014
4910,0.07
4939,0.018
4962,0.031
4968,0.015
4980,0.024
5002,0.029
5007,0.029
5018,0.024
5024,0.042
5079,0.027
5112,0.024
5190,0.029
5263,0.021
5275,0.055
5277,0.043
5333,0.025
5358,0.047
5390,0.106
5398,0.023
5426,0.031
5430,0.086
5438,0.021
5586,0.023
5592,0.039
5651,0.036
5716,0.024
5730,0.037
5741,0.03
5766,0.041
5771,0.025
5905,0.166
5941,0.044
5962,0.039
5971,0.009
5976,0.019
6017,0.02
6024,0.06
6117,0.028
6142,0.021
6148,0.057
6213,0.034
6251,0.031
6264,0.034
6275,0.07
6321,0.043
6371,0.015
6413,0.013
6434,0.044
6463,0.037
6468,0.028
6524,0.036
6545,0.016
6549,0.07
6577,0.027
6579,0.043
6591,0.027
6599,0.021
6618,0.019
6625,0.033
6627,0.054
6660,0.117
6736,0.03
6825,0.043
6826,0.033
6880,0.025
6889,0.074
6973,0.037
7042,0.065
7130,0.026
7142,0.077
7147,0.017
7157,0.06
7160,0.025
7182,0.029
7186,0.065
7214,0.011
7263,0.019
7304,0.046
7325,0.062
7414,0.053
7433,0.012
7434,0.079
7436,0.051
7446,0.035
7449,0.062
7485,0.007
7494,0.034
7501,0.021
7551,0.028
7562,0.038
7779,0.017
7801,0.056
7898,0.009
7934,0.032
7998,0.034
8044,0.016
8074,0.042
8080,0.065
8102,0.019
8107,0.07
8154,0.062
8168,0.025
8170,0.017
8185,0.034
8251,0.058
8270,0.008
8289,0.048
8419,0.021
8429,0.024
8461,0.02
8485,0.06
8489,0.039
8570,0.028
8653,0.021
8670,0.038
8721,0.071
8731,0.029
8756,0.032
8782,0.043
8803,0.045
8813,0.026
8835,0.027
8872,0.035
8931,0.02
8945,0.022
8955,0.04
8985,0.042
9210,0.037
9278,0.068
9281,0.066
9373,0.221
9384,0.007
9412,0.029
9472,0.027
9484,0.023
9506,0.021
9513,0.04
9516,0.019
9518,0.027
9522,0.023
9555,0.024
9590,0.039
9595,0.037
9608,0.023
9611,0.078
9713,0.058
9717,0.049
9739,0.045
9802,0.023
9835,0.026
9858,0.029
9860,0.041
9866,0.042
9903,0.038
9910,0.051
9935,0.083
9941,0.018
10019,0.027
10032,0.048
10044,0.034
10105,0.023
10111,0.044
10119,0.036
10154,0.03
10167,0.048
10235,0.024
10255,0.035
10258,0.052
10262,0.049
10285,0.041
10329,0.012
10401,0.039
10405,0.048
10430,0.041
10515,0.024
10590,0.045
10594,0.038
10620,0.048
10686,0.013
10696,0.048
10715,0.051
10725,0.038
10738,0.036
10753,0.025
10835,0.056
10922,0.013
10945,0.036
10970,0.018
11022,0.058
11038,0.044
11045,0.051
11111,0.041
11121,0.033
11123,0.06
11125,0.056
11151,0.013
11210,0.147
11245,0.078
11252,0.044
11253,0.028
11429,0.047
11566,0.016
11569,0.017
11629,0.043
11680,0.033
11697,0.078
11747,0.096
11757,0.022
11835,0.027
11844,0.031
11856,0.015
11880,0.059
11884,0.036
11892,0.05
11904,0.028
11931,0.02
11932,0.035
11933,0.031
11941,0.065
11947,0.016
11956,0.024
12023,0.023
12074,0.06
12101,0.014
12104,0.023
12117,0.034
12128,0.027
12139,0.042
12193,0.067
12194,0.261
12209,0.028
