t_index,tf-idf
14,0.003
25,0.002
28,0.002
74,0.002
82,0.002
109,0.002
117,0.008
117,0.008
117,0.008
117,0.008
117,0.008
174,0.007
174,0.007
175,0.005
175,0.005
197,0.002
199,0.002
218,0.003
230,0.001
296,0.003
330,0.004
330,0.004
331,0.003
337,0.003
337,0.003
337,0.003
337,0.003
337,0.003
367,0.002
367,0.002
447,0.005
447,0.005
448,0.001
454,0.003
477,0.011
477,0.011
477,0.011
477,0.011
477,0.011
485,0.003
485,0.003
513,0.007
513,0.007
513,0.007
515,0.009
515,0.009
515,0.009
515,0.009
563,0.002
586,0.003
586,0.003
620,0.001
661,0.004
666,0.007
666,0.007
666,0.007
666,0.007
666,0.007
666,0.007
666,0.007
676,0.004
703,0.002
703,0.002
716,0.003
759,0.001
790,0.005
868,0.003
877,0.001
903,0.002
920,0.003
954,0.002
968,0.004
968,0.004
968,0.004
968,0.004
1012,0.002
1062,0.008
1062,0.008
1062,0.008
1062,0.008
1166,0.004
1166,0.004
1172,0.003
1172,0.003
1193,0.012
1193,0.012
1193,0.012
1193,0.012
1193,0.012
1193,0.012
1193,0.012
1193,0.012
1193,0.012
1193,0.012
1196,0.002
1220,0.002
1262,0.003
1382,0.004
1510,0.001
1536,0.003
1574,0.004
1574,0.004
1609,0.003
1609,0.003
1619,0.002
1689,0.002
1729,0.002
1801,0.001
1803,0.003
1881,0.003
1892,0.003
1892,0.003
1945,0.001
1982,0.003
1991,0.004
2028,0.008
2028,0.008
2028,0.008
2028,0.008
2028,0.008
2028,0.008
2028,0.008
2072,0.003
2072,0.003
2085,0.002
2086,0.002
2120,0.004
2153,0.003
2153,0.003
2160,0.002
2210,0.003
2213,0.002
2239,0.003
2252,0.003
2252,0.003
2255,0.003
2358,0.001
2419,0.003
2435,0.002
2440,0.002
2443,0.003
2458,0.003
2615,0.001
2629,0.005
2629,0.005
2629,0.005
2631,0.003
2641,0.001
2655,0.002
2662,0.001
2790,0.004
2791,0.002
2813,0.001
2826,0.002
2829,0.003
2836,0.002
2923,0.006
2923,0.006
2923,0.006
2999,0.003
3020,0.004
3071,0.005
3071,0.005
3098,0.002
3138,0.002
3252,0.001
3253,0.001
3269,0.008
3269,0.008
3269,0.008
3321,0.006
3321,0.006
3322,0.003
3333,0.003
3351,0.003
3381,0.002
3500,0.002
3539,0.003
3569,0.001
3597,0.003
3658,0.003
3658,0.003
3687,0.002
3702,0.002
3742,0.004
3742,0.004
3742,0.004
3780,0.006
3780,0.006
3780,0.006
3853,0.002
3868,0.003
3868,0.003
4025,0.001
4035,0.001
4037,0.003
4077,0.002
4077,0.002
4081,0.001
4122,0.009
4122,0.009
4122,0.009
4230,0.005
4271,0.002
4291,0.002
4365,0.003
4384,0.001
4425,0.001
4526,0.001
4602,0.021
4602,0.021
4602,0.021
4602,0.021
4602,0.021
4680,0.002
4687,0.004
4742,0.005
4762,0.002
4791,0.005
4791,0.005
4791,0.005
4837,0.002
4908,0.002
4908,0.002
5079,0.004
5079,0.004
5263,0.003
5263,0.003
5277,0.002
5345,0.002
5366,0.002
5383,0.005
5390,0.006
5390,0.006
5390,0.006
5390,0.006
5390,0.006
5396,0.003
5398,0.002
5426,0.002
5429,0.005
5515,0.005
5554,0.004
5634,0.004
5654,0.004
5664,0.002
5730,0.003
5760,0.003
5766,0.002
5766,0.002
5766,0.002
5809,0.002
5905,0.008
5905,0.008
5905,0.008
5905,0.008
5935,0.004
5971,0.001
5976,0.001
5998,0.004
6017,0.001
6019,0.001
6025,0.002
6079,0.004
6211,0.003
6220,0.001
6251,0.002
6296,0.005
6371,0.003
6371,0.003
6371,0.003
6397,0.004
6397,0.004
6397,0.004
6407,0.003
6413,0.002
6413,0.002
6511,0.004
6545,0.001
6618,0.001
6625,0.002
6627,0.003
6627,0.003
6656,0.003
6660,0.003
6733,0.003
6736,0.001
6762,0.003
6825,0.003
6825,0.003
6977,0.003
7147,0.001
7157,0.001
7182,0.002
7224,0.002
7224,0.002
7229,0.002
7234,0.001
7295,0.003
7304,0.003
7325,0.002
7419,0.002
7433,0.001
7434,0.006
7434,0.006
7434,0.006
7434,0.006
7434,0.006
7434,0.006
7434,0.006
7434,0.006
7434,0.006
7434,0.006
7457,0.001
7474,0.005
7485,0.0
7499,0.001
7513,0.003
7535,0.002
7539,0.003
7551,0.004
7551,0.004
7587,0.004
7680,0.003
7691,0.003
7800,0.002
7897,0.002
7898,0.001
8112,0.003
8112,0.003
8147,0.002
8154,0.001
8170,0.004
8170,0.004
8170,0.004
8248,0.003
8270,0.001
8270,0.001
8278,0.003
8284,0.003
8324,0.003
8401,0.002
8403,0.006
8403,0.006
8422,0.003
8429,0.002
8502,0.004
8502,0.004
8502,0.004
8546,0.003
8609,0.005
8664,0.002
8722,0.003
8725,0.004
8768,0.005
8768,0.005
8768,0.005
8782,0.003
8782,0.003
8931,0.007
8931,0.007
8931,0.007
8931,0.007
8931,0.007
8972,0.002
8972,0.002
9038,0.005
9125,0.002
9188,0.006
9188,0.006
9270,0.002
9278,0.006
9278,0.006
9278,0.006
9278,0.006
9278,0.006
9278,0.006
9278,0.006
9278,0.006
9278,0.006
9278,0.006
9278,0.006
9278,0.006
9278,0.006
9278,0.006
9278,0.006
9278,0.006
9278,0.006
9278,0.006
9281,0.002
9281,0.002
9298,0.011
9298,0.011
9298,0.011
9298,0.011
9365,0.004
9373,0.01
9373,0.01
9373,0.01
9373,0.01
9373,0.01
9384,0.0
9409,0.002
9472,0.002
9484,0.005
9484,0.005
9484,0.005
9513,0.002
9513,0.002
9518,0.002
9522,0.002
9551,0.002
9553,0.002
9595,0.004
9595,0.004
9595,0.004
9606,0.003
9713,0.004
9713,0.004
9713,0.004
9735,0.002
9795,0.004
9835,0.003
9835,0.003
9835,0.003
9932,0.003
9941,0.004
9941,0.004
9941,0.004
10019,0.002
10048,0.002
10088,0.006
10088,0.006
10119,0.003
10154,0.002
10159,0.003
10258,0.004
10258,0.004
10262,0.002
10312,0.005
10329,0.001
10507,0.003
10515,0.002
10534,0.001
10556,0.001
10590,0.003
10590,0.003
10677,0.019
10677,0.019
10677,0.019
10677,0.019
10697,0.002
10715,0.004
10725,0.003
10753,0.002
10755,0.002
10835,0.003
10835,0.003
10922,0.001
10945,0.008
10945,0.008
10945,0.008
10945,0.008
10945,0.008
10945,0.008
10970,0.001
11014,0.004
11014,0.004
11014,0.004
11014,0.004
11018,0.002
11037,0.004
11037,0.004
11037,0.004
11070,0.005
11070,0.005
11072,0.004
11084,0.007
11084,0.007
11151,0.001
11156,0.008
11156,0.008
11253,0.002
11253,0.002
11253,0.002
11566,0.002
11566,0.002
11569,0.003
11569,0.003
11587,0.003
11641,0.003
11680,0.002
11684,0.005
11684,0.005
11793,0.003
11872,0.002
11880,0.004
11880,0.004
11884,0.001
11887,0.002
11892,0.002
11920,0.003
11931,0.004
11931,0.004
11931,0.004
11932,0.001
11943,0.008
11943,0.008
11956,0.002
12008,0.004
12044,0.003
12056,0.003
12063,0.002
12101,0.001
12139,0.003
12188,0.001
12193,0.001
12194,0.029
12194,0.029
12194,0.029
12194,0.029
12194,0.029
12194,0.029
12194,0.029
12194,0.029
12194,0.029
12194,0.029
12194,0.029
12194,0.029
12194,0.029
12194,0.029
12194,0.029
12194,0.029
12194,0.029
12202,0.004
12259,0.007
12259,0.007
