t_index,tf-idf
28,0.002
68,0.003
74,0.004
74,0.004
148,0.003
166,0.003
206,0.002
284,0.004
286,0.009
286,0.009
337,0.001
367,0.001
397,0.006
397,0.006
448,0.005
448,0.005
448,0.005
448,0.005
471,0.007
471,0.007
471,0.007
544,0.003
564,0.006
571,0.006
669,0.002
703,0.003
703,0.003
716,0.003
727,0.003
759,0.004
759,0.004
759,0.004
759,0.004
854,0.003
920,0.004
947,0.002
968,0.003
968,0.003
1018,0.002
1060,0.007
1166,0.004
1166,0.004
1172,0.012
1172,0.012
1172,0.012
1172,0.012
1172,0.012
1172,0.012
1172,0.012
1390,0.007
1510,0.001
1559,0.004
1570,0.014
1570,0.014
1570,0.014
1570,0.014
1619,0.002
1651,0.007
1651,0.007
1651,0.007
1691,0.003
1729,0.002
1746,0.002
1767,0.005
1768,0.005
1905,0.003
1957,0.007
1967,0.004
1972,0.004
2043,0.005
2045,0.004
2066,0.001
2072,0.004
2072,0.004
2082,0.005
2082,0.005
2101,0.006
2101,0.006
2163,0.003
2252,0.001
2265,0.007
2265,0.007
2329,0.003
2343,0.003
2358,0.001
2390,0.003
2435,0.004
2435,0.004
2437,0.005
2536,0.005
2581,0.002
2615,0.001
2641,0.002
2660,0.002
2768,0.007
2768,0.007
2880,0.002
2935,0.004
2942,0.003
3040,0.003
3098,0.002
3119,0.003
3160,0.007
3306,0.003
3388,0.002
3564,0.007
3569,0.004
3569,0.004
3569,0.004
3574,0.003
3575,0.004
3575,0.004
3582,0.003
3587,0.002
3625,0.004
3646,0.003
3658,0.003
3658,0.003
3736,0.006
3736,0.006
3736,0.006
3736,0.006
3868,0.003
3868,0.003
3896,0.007
3943,0.01
3943,0.01
3943,0.01
3943,0.01
3962,0.006
3962,0.006
4002,0.002
4025,0.001
4052,0.005
4057,0.003
4057,0.003
4154,0.01
4154,0.01
4154,0.01
4154,0.01
4165,0.007
4173,0.005
4173,0.005
4201,0.007
4201,0.007
4201,0.007
4271,0.002
4275,0.004
4355,0.002
4360,0.027
4360,0.027
4360,0.027
4360,0.027
4384,0.003
4384,0.003
4384,0.003
4405,0.006
4405,0.006
4405,0.006
4405,0.006
4425,0.003
4425,0.003
4425,0.003
4476,0.005
4476,0.005
4500,0.004
4554,0.004
4571,0.013
4571,0.013
4648,0.002
4671,0.002
4744,0.002
4791,0.002
4837,0.006
4837,0.006
4875,0.004
4875,0.004
4968,0.001
5002,0.008
5002,0.008
5002,0.008
5075,0.003
5088,0.003
5105,0.003
5162,0.003
5180,0.006
5294,0.003
5338,0.003
5388,0.003
5390,0.004
5390,0.004
5390,0.004
5450,0.006
5573,0.002
5766,0.002
5766,0.002
5806,0.003
5806,0.003
5809,0.002
5878,0.026
5878,0.026
5878,0.026
5878,0.026
5878,0.026
5878,0.026
5878,0.026
5878,0.026
5878,0.026
5971,0.001
6017,0.002
6036,0.004
6036,0.004
6043,0.005
6108,0.003
6124,0.001
6148,0.002
6176,0.002
6220,0.002
6334,0.004
6359,0.004
6359,0.004
6371,0.004
6371,0.004
6371,0.004
6407,0.007
6407,0.007
6413,0.002
6413,0.002
6515,0.003
6531,0.003
6545,0.003
6545,0.003
6585,0.004
6736,0.005
6736,0.005
6736,0.005
6736,0.005
6765,0.003
6808,0.011
6808,0.011
6826,0.003
6891,0.002
6909,0.003
6909,0.003
6951,0.008
6951,0.008
6951,0.008
6998,0.001
7142,0.002
7147,0.001
7167,0.003
7193,0.009
7193,0.009
7211,0.004
7211,0.004
7224,0.001
7369,0.006
7369,0.006
7434,0.001
7484,0.005
7485,0.002
7485,0.002
7485,0.002
7485,0.002
7499,0.001
7501,0.007
7501,0.007
7501,0.007
7501,0.007
7527,0.002
7548,0.004
7562,0.002
7699,0.003
7779,0.003
7779,0.003
7807,0.002
7871,0.02
7871,0.02
7871,0.02
7898,0.002
7898,0.002
7989,0.003
8102,0.002
8117,0.001
8198,0.001
8270,0.001
8283,0.003
8295,0.004
8322,0.003
8358,0.007
8358,0.007
8358,0.007
8415,0.005
8419,0.004
8419,0.004
8463,0.003
8627,0.003
8653,0.002
8664,0.003
8667,0.003
8672,0.002
8698,0.002
8721,0.008
8721,0.008
8721,0.008
8721,0.008
8835,0.002
8835,0.002
8842,0.006
8887,0.001
8906,0.004
8906,0.004
8926,0.006
8926,0.006
8970,0.004
9061,0.004
9126,0.004
9233,0.008
9233,0.008
9233,0.008
9233,0.008
9234,0.011
9234,0.011
9234,0.011
9234,0.011
9234,0.011
9234,0.011
9272,0.003
9278,0.0
9281,0.003
9281,0.003
9377,0.003
9384,0.008
9384,0.008
9384,0.008
9384,0.008
9384,0.008
9384,0.008
9384,0.008
9384,0.008
9384,0.008
9384,0.008
9384,0.008
9384,0.008
9384,0.008
9461,0.004
9472,0.007
9472,0.007
9472,0.007
9473,0.005
9479,0.009
9479,0.009
9495,0.005
9501,0.002
9503,0.005
9505,0.002
9513,0.001
9516,0.002
9644,0.006
9676,0.006
9779,0.004
9825,0.003
9851,0.005
9868,0.004
9960,0.004
10019,0.002
10073,0.003
10122,0.003
10175,0.003
10235,0.002
10329,0.003
10329,0.003
10329,0.003
10363,0.003
10401,0.003
10462,0.011
10462,0.011
10462,0.011
10470,0.025
10470,0.025
10470,0.025
10470,0.025
10470,0.025
10470,0.025
10470,0.025
10470,0.025
10470,0.025
10504,0.004
10524,0.006
10537,0.005
10583,0.002
10785,0.002
10799,0.003
10873,0.01
10873,0.01
10873,0.01
10893,0.004
10893,0.004
10894,0.003
10894,0.003
10898,0.007
10922,0.001
10970,0.002
10970,0.002
11037,0.002
11050,0.005
11050,0.005
11090,0.009
11090,0.009
11090,0.009
11093,0.012
11093,0.012
11093,0.012
11093,0.012
11151,0.001
11202,0.015
11202,0.015
11202,0.015
11202,0.015
11205,0.004
11253,0.001
11253,0.001
11406,0.004
11428,0.006
11556,0.013
11556,0.013
11680,0.006
11680,0.006
11684,0.003
11775,0.003
11856,0.001
11857,0.002
11892,0.002
11904,0.005
11904,0.005
11904,0.005
11904,0.005
11932,0.001
11947,0.004
11947,0.004
11947,0.004
11950,0.004
11950,0.004
11964,0.004
11976,0.002
11996,0.005
11996,0.005
12046,0.006
12062,0.002
12101,0.002
12101,0.002
12110,0.004
12110,0.004
12110,0.004
12198,0.002
