t_index,tf-idf
88,0.003
103,0.002
117,0.019
117,0.019
117,0.019
117,0.019
117,0.019
117,0.019
117,0.019
117,0.019
117,0.019
117,0.019
127,0.003
130,0.004
130,0.004
197,0.004
197,0.004
199,0.003
206,0.002
257,0.005
337,0.001
367,0.008
367,0.008
367,0.008
367,0.008
367,0.008
367,0.008
367,0.008
383,0.004
383,0.004
397,0.003
442,0.004
442,0.004
448,0.003
448,0.003
454,0.004
485,0.002
488,0.002
513,0.003
563,0.002
579,0.005
579,0.005
579,0.005
586,0.002
630,0.003
633,0.003
666,0.004
666,0.004
666,0.004
688,0.004
703,0.001
766,0.006
774,0.004
877,0.002
932,0.002
945,0.002
1166,0.009
1166,0.009
1166,0.009
1166,0.009
1220,0.006
1220,0.006
1323,0.003
1510,0.001
1522,0.002
1689,0.003
1713,0.003
1729,0.002
1746,0.002
1769,0.007
1769,0.007
1988,0.005
1988,0.005
2028,0.007
2028,0.007
2028,0.007
2028,0.007
2028,0.007
2072,0.006
2072,0.006
2072,0.006
2080,0.003
2086,0.005
2086,0.005
2096,0.011
2096,0.011
2096,0.011
2096,0.011
2099,0.004
2153,0.002
2158,0.003
2213,0.002
2255,0.011
2255,0.011
2255,0.011
2256,0.006
2264,0.002
2443,0.003
2461,0.004
2643,0.003
2662,0.004
2662,0.004
2666,0.003
2678,0.005
2689,0.002
2690,0.01
2690,0.01
2690,0.01
2690,0.01
2690,0.01
2768,0.003
2791,0.003
2797,0.003
2799,0.004
2813,0.002
2826,0.002
2885,0.002
2918,0.003
2923,0.002
2952,0.004
3045,0.004
3066,0.003
3098,0.002
3138,0.002
3381,0.004
3381,0.004
3410,0.003
3434,0.004
3443,0.005
3461,0.003
3464,0.003
3569,0.001
3658,0.002
3665,0.007
3665,0.007
3666,0.004
3700,0.003
3780,0.002
3784,0.006
3868,0.002
3916,0.003
3973,0.004
3990,0.006
3990,0.006
4007,0.003
4025,0.001
4035,0.002
4057,0.001
4122,0.004
4166,0.007
4166,0.007
4288,0.005
4291,0.005
4291,0.005
4356,0.004
4356,0.004
4405,0.002
4526,0.002
4570,0.002
4680,0.007
4680,0.007
4680,0.007
4703,0.004
4744,0.002
4762,0.003
4798,0.001
4980,0.002
5036,0.003
5079,0.002
5086,0.004
5213,0.002
5254,0.009
5254,0.009
5312,0.004
5333,0.002
5388,0.003
5390,0.007
5390,0.007
5390,0.007
5390,0.007
5390,0.007
5398,0.002
5526,0.006
5586,0.002
5680,0.006
5726,0.004
5797,0.003
5806,0.001
5809,0.002
5901,0.003
5934,0.003
5956,0.008
5956,0.008
5971,0.001
6017,0.002
6036,0.002
6087,0.002
6124,0.001
6171,0.002
6192,0.005
6192,0.005
6194,0.003
6206,0.009
6206,0.009
6251,0.003
6362,0.004
6371,0.001
6398,0.002
6413,0.001
6425,0.007
6430,0.004
6445,0.003
6545,0.003
6545,0.003
6736,0.001
6923,0.003
7147,0.003
7147,0.003
7172,0.002
7181,0.006
7181,0.006
7187,0.003
7211,0.002
7307,0.003
7416,0.003
7434,0.009
7434,0.009
7434,0.009
7434,0.009
7434,0.009
7434,0.009
7434,0.009
7434,0.009
7434,0.009
7434,0.009
7434,0.009
7485,0.001
7501,0.002
7506,0.004
7623,0.01
7623,0.01
7691,0.003
7734,0.004
7779,0.002
7812,0.004
7897,0.009
7897,0.009
7897,0.009
7897,0.009
7898,0.001
7910,0.004
7917,0.003
7930,0.003
8038,0.002
8044,0.001
8102,0.002
8152,0.007
8154,0.024
8154,0.024
8154,0.024
8154,0.024
8154,0.024
8154,0.024
8154,0.024
8154,0.024
8154,0.024
8154,0.024
8154,0.024
8154,0.024
8154,0.024
8329,0.004
8401,0.005
8401,0.005
8421,0.004
8502,0.005
8502,0.005
8502,0.005
8731,0.003
8768,0.011
8768,0.011
8768,0.011
8768,0.011
8768,0.011
8782,0.002
8895,0.004
8895,0.004
8902,0.005
8902,0.005
8931,0.005
8931,0.005
8931,0.005
8962,0.002
8987,0.009
8987,0.009
8987,0.009
9060,0.009
9060,0.009
9060,0.009
9094,0.002
9175,0.004
9271,0.006
9272,0.006
9272,0.006
9278,0.004
9278,0.004
9278,0.004
9278,0.004
9278,0.004
9278,0.004
9278,0.004
9278,0.004
9278,0.004
9278,0.004
9278,0.004
9384,0.001
9467,0.005
9513,0.008
9513,0.008
9513,0.008
9513,0.008
9513,0.008
9513,0.008
9513,0.008
9550,0.009
9550,0.009
9550,0.009
9551,0.004
9551,0.004
9555,0.004
9555,0.004
9565,0.003
9593,0.002
9595,0.002
9600,0.003
9612,0.001
9713,0.009
9713,0.009
9713,0.009
9713,0.009
9713,0.009
9744,0.006
9795,0.005
9835,0.005
9835,0.005
9835,0.005
9835,0.005
9941,0.002
10043,0.002
10156,0.002
10236,0.008
10236,0.008
10255,0.001
10262,0.002
10357,0.004
10357,0.004
10387,0.004
10401,0.003
10413,0.003
10467,0.007
10467,0.007
10513,0.002
10555,0.003
10588,0.006
10590,0.004
10590,0.004
10616,0.004
10682,0.005
10686,0.001
10834,0.005
10834,0.005
10835,0.002
10913,0.002
10919,0.007
10919,0.007
10919,0.007
10937,0.004
10945,0.008
10945,0.008
10945,0.008
10945,0.008
10945,0.008
10955,0.005
10955,0.005
10970,0.003
10970,0.003
10970,0.003
10970,0.003
11014,0.001
11037,0.002
11088,0.003
11253,0.001
11253,0.001
11351,0.004
11429,0.001
11566,0.003
11566,0.003
11683,0.006
11747,0.003
11757,0.012
11757,0.012
11757,0.012
11757,0.012
11757,0.012
11757,0.012
11856,0.001
11873,0.005
11880,0.008
11880,0.008
11880,0.008
11884,0.002
11932,0.002
11932,0.002
11950,0.002
11976,0.003
11976,0.003
12023,0.002
12104,0.008
12104,0.008
12104,0.008
12104,0.008
12110,0.006
12110,0.006
12110,0.006
12110,0.006
12193,0.014
12193,0.014
12193,0.014
12193,0.014
12193,0.014
12193,0.014
12193,0.014
12193,0.014
12193,0.014
12194,0.006
12194,0.006
12194,0.006
12198,0.002
12259,0.004
