t_index,tf-idf
5,0.003
14,0.005
14,0.005
25,0.002
71,0.003
77,0.002
88,0.002
114,0.002
117,0.004
117,0.004
117,0.004
174,0.003
175,0.013
175,0.013
175,0.013
175,0.013
175,0.013
185,0.002
199,0.002
216,0.002
218,0.003
296,0.003
313,0.003
323,0.003
323,0.003
330,0.002
331,0.003
337,0.001
337,0.001
355,0.003
367,0.012
367,0.012
367,0.012
367,0.012
367,0.012
367,0.012
367,0.012
367,0.012
367,0.012
367,0.012
367,0.012
367,0.012
367,0.012
383,0.001
404,0.003
471,0.002
485,0.001
488,0.001
513,0.005
513,0.005
515,0.002
516,0.003
583,0.004
609,0.004
617,0.003
634,0.002
636,0.003
666,0.008
666,0.008
666,0.008
666,0.008
666,0.008
666,0.008
666,0.008
666,0.008
688,0.003
727,0.005
727,0.005
848,0.003
920,0.003
947,0.002
968,0.001
972,0.003
1009,0.003
1062,0.01
1062,0.01
1062,0.01
1062,0.01
1062,0.01
1111,0.002
1148,0.003
1166,0.009
1166,0.009
1166,0.009
1166,0.009
1166,0.009
1174,0.004
1193,0.003
1193,0.003
1193,0.003
1262,0.008
1262,0.008
1262,0.008
1296,0.002
1302,0.004
1323,0.002
1335,0.002
1343,0.003
1528,0.002
1579,0.006
1579,0.006
1619,0.001
1652,0.003
1731,0.003
1807,0.003
1881,0.003
1882,0.001
1945,0.002
1945,0.002
1958,0.003
1958,0.003
1958,0.003
1973,0.003
2027,0.003
2028,0.01
2028,0.01
2028,0.01
2028,0.01
2028,0.01
2028,0.01
2028,0.01
2028,0.01
2028,0.01
2147,0.003
2163,0.002
2167,0.004
2167,0.004
2213,0.002
2223,0.003
2238,0.003
2358,0.002
2358,0.002
2474,0.003
2615,0.001
2615,0.001
2664,0.002
2724,0.003
2794,0.003
2807,0.002
2813,0.001
2818,0.003
2829,0.003
2863,0.005
2880,0.001
2952,0.004
2960,0.004
2961,0.003
2962,0.004
3071,0.01
3071,0.01
3071,0.01
3071,0.01
3162,0.003
3175,0.002
3177,0.009
3177,0.009
3177,0.009
3252,0.001
3253,0.003
3253,0.003
3268,0.005
3268,0.005
3268,0.005
3269,0.003
3355,0.004
3381,0.002
3422,0.001
3452,0.002
3464,0.002
3527,0.002
3538,0.002
3569,0.001
3577,0.002
3587,0.003
3587,0.003
3601,0.002
3630,0.003
3636,0.003
3658,0.001
3725,0.004
3730,0.003
3736,0.001
3742,0.003
3742,0.003
3780,0.004
3780,0.004
3797,0.007
3797,0.007
3797,0.007
3836,0.004
3855,0.002
3895,0.001
3910,0.001
3939,0.002
3991,0.003
4002,0.001
4077,0.006
4077,0.006
4077,0.006
4077,0.006
4077,0.006
4081,0.001
4137,0.003
4138,0.003
4355,0.001
4384,0.001
4403,0.002
4526,0.006
4526,0.006
4526,0.006
4526,0.006
4602,0.012
4602,0.012
4602,0.012
4671,0.002
4680,0.006
4680,0.006
4680,0.006
4744,0.001
4791,0.002
4862,0.004
4895,0.004
4898,0.002
4900,0.003
4908,0.001
4972,0.005
4972,0.005
4972,0.005
4972,0.005
4972,0.005
5075,0.003
5077,0.009
5077,0.009
5077,0.009
5079,0.006
5079,0.006
5079,0.006
5116,0.004
5141,0.004
5147,0.002
5181,0.004
5218,0.004
5218,0.004
5227,0.003
5263,0.002
5305,0.008
5305,0.008
5305,0.008
5305,0.008
5390,0.01
5390,0.01
5390,0.01
5390,0.01
5390,0.01
5390,0.01
5390,0.01
5390,0.01
5390,0.01
5398,0.002
5426,0.004
5426,0.004
5438,0.006
5438,0.006
5438,0.006
5438,0.006
5559,0.003
5561,0.005
5666,0.004
5681,0.005
5749,0.004
5766,0.001
5771,0.004
5771,0.004
5809,0.002
5894,0.004
5905,0.01
5905,0.01
5905,0.01
5905,0.01
5905,0.01
5911,0.004
5947,0.003
5971,0.001
6017,0.001
6036,0.005
6036,0.005
6036,0.005
6041,0.002
6041,0.002
6105,0.016
6105,0.016
6105,0.016
6105,0.016
6105,0.016
6142,0.002
6171,0.002
6176,0.001
6213,0.001
6321,0.002
6321,0.002
6371,0.001
6397,0.003
6397,0.003
6482,0.004
6545,0.002
6545,0.002
6595,0.005
6627,0.003
6627,0.003
6692,0.002
6730,0.003
6730,0.003
6733,0.005
6733,0.005
6736,0.003
6736,0.003
6736,0.003
6737,0.004
6749,0.001
6826,0.005
6826,0.005
6923,0.003
6939,0.002
6965,0.003
6974,0.003
6982,0.003
6982,0.003
7049,0.005
7104,0.014
7104,0.014
7104,0.014
7104,0.014
7104,0.014
7104,0.014
7104,0.014
7104,0.014
7104,0.014
7147,0.001
7157,0.003
7157,0.003
7183,0.002
7208,0.002
7214,0.001
7285,0.005
7330,0.002
7347,0.002
7433,0.001
7434,0.008
7434,0.008
7434,0.008
7434,0.008
7434,0.008
7434,0.008
7434,0.008
7434,0.008
7434,0.008
7434,0.008
7434,0.008
7434,0.008
7434,0.008
7457,0.001
7485,0.003
7485,0.003
7485,0.003
7485,0.003
7485,0.003
7485,0.003
7485,0.003
7513,0.005
7513,0.005
7527,0.002
7539,0.003
7551,0.002
7573,0.005
7605,0.004
7712,0.003
7779,0.001
7800,0.002
7986,0.003
8038,0.003
8038,0.003
8102,0.004
8102,0.004
8102,0.004
8154,0.001
8170,0.004
8170,0.004
8170,0.004
8185,0.002
8270,0.001
8270,0.001
8273,0.002
8298,0.004
8298,0.004
8307,0.003
8403,0.003
8419,0.002
8429,0.002
8474,0.003
8590,0.008
8590,0.008
8699,0.003
8699,0.003
8711,0.003
8773,0.002
8848,0.007
8848,0.007
8887,0.002
8887,0.002
8887,0.002
8889,0.002
8931,0.006
8931,0.006
8931,0.006
8931,0.006
8955,0.003
8956,0.004
8998,0.003
9105,0.004
9203,0.004
9270,0.002
9278,0.003
9278,0.003
9278,0.003
9278,0.003
9278,0.003
9278,0.003
9278,0.003
9278,0.003
9281,0.001
9298,0.003
9365,0.003
9372,0.003
9372,0.003
9373,0.004
9373,0.004
9384,0.001
9384,0.001
9384,0.001
9513,0.002
9513,0.002
9625,0.005
9656,0.005
9750,0.003
9786,0.002
9807,0.003
9860,0.003
9860,0.003
9872,0.004
10078,0.004
10078,0.004
10114,0.005
10119,0.005
10119,0.005
10217,0.002
10255,0.0
10258,0.002
10399,0.003
10413,0.006
10413,0.006
10413,0.006
10427,0.002
10436,0.003
10502,0.004
10513,0.004
10513,0.004
10534,0.007
10534,0.007
10534,0.007
10534,0.007
10534,0.007
10590,0.008
10590,0.008
10590,0.008
10590,0.008
10590,0.008
10718,0.003
10731,0.009
10731,0.009
10731,0.009
10731,0.009
10782,0.001
10835,0.001
10836,0.003
10914,0.002
10922,0.001
10983,0.002
10989,0.005
11059,0.002
11079,0.002
11095,0.005
11095,0.005
11096,0.004
11097,0.002
11151,0.001
11169,0.004
11253,0.002
11253,0.002
11253,0.002
11253,0.002
11332,0.007
11332,0.007
11429,0.001
11566,0.007
11566,0.007
11566,0.007
11566,0.007
11566,0.007
11566,0.007
11641,0.008
11641,0.008
11641,0.008
11680,0.002
11702,0.003
11806,0.003
11856,0.001
11857,0.001
11872,0.002
11884,0.003
11884,0.003
11904,0.001
11932,0.001
11968,0.004
11988,0.001
12007,0.002
12080,0.002
12101,0.001
12128,0.002
12188,0.001
12193,0.005
12193,0.005
12193,0.005
12193,0.005
12194,0.019
12194,0.019
12194,0.019
12194,0.019
12194,0.019
12194,0.019
12194,0.019
12194,0.019
12194,0.019
12194,0.019
12194,0.019
12198,0.003
12198,0.003
