t_index,tf-idf
82,0.056
911,0.19
1510,0.028
1540,0.053
1916,0.046
1988,0.184
2152,0.2
2229,0.061
2396,0.155
2664,0.063
2741,0.068
2742,0.046
2766,0.095
2791,0.069
3006,0.184
3343,0.099
3616,0.105
3662,0.184
4275,0.349
4294,0.164
4490,0.147
4519,0.165
4932,0.077
5461,0.241
5508,0.184
6211,0.092
6371,0.036
6736,0.071
7224,0.06
7401,0.084
7508,0.092
7898,0.021
7977,0.118
8070,0.073
8204,0.087
8272,0.042
8748,0.184
8887,0.026
8926,0.078
8941,0.078
9088,0.328
9093,0.155
9210,0.087
9278,0.011
9384,0.016
10156,0.047
10255,0.033
10431,0.113
11557,0.065
11698,0.114
11740,0.187
11884,0.129
11900,0.331
11932,0.028
12110,0.039
