t_index,tf-idf
66,0.001
82,0.001
103,0.002
109,0.001
189,0.002
280,0.003
328,0.001
342,0.004
380,0.003
449,0.002
471,0.005
471,0.005
471,0.005
487,0.002
491,0.004
568,0.001
579,0.001
585,0.005
585,0.005
585,0.005
586,0.004
586,0.004
586,0.004
619,0.007
619,0.007
619,0.007
620,0.001
681,0.003
701,0.005
716,0.002
735,0.003
735,0.003
759,0.002
759,0.002
759,0.002
898,0.004
903,0.002
922,0.004
922,0.004
928,0.003
928,0.003
945,0.005
945,0.005
945,0.005
945,0.005
947,0.001
952,0.003
954,0.001
964,0.006
964,0.006
964,0.006
964,0.006
1009,0.002
1087,0.005
1090,0.003
1102,0.004
1102,0.004
1132,0.002
1193,0.001
1296,0.005
1296,0.005
1296,0.005
1320,0.011
1320,0.011
1320,0.011
1320,0.011
1323,0.002
1324,0.003
1350,0.002
1361,0.004
1361,0.004
1378,0.003
1401,0.002
1401,0.002
1405,0.003
1452,0.003
1480,0.013
1480,0.013
1480,0.013
1480,0.013
1505,0.004
1510,0.002
1510,0.002
1510,0.002
1522,0.001
1527,0.003
1529,0.001
1551,0.002
1562,0.001
1574,0.003
1574,0.003
1689,0.002
1732,0.002
1774,0.002
1805,0.002
1882,0.001
1883,0.002
1892,0.001
1897,0.005
1920,0.002
1960,0.002
1985,0.009
1985,0.009
1985,0.009
1985,0.009
2066,0.003
2066,0.003
2066,0.003
2072,0.003
2072,0.003
2085,0.002
2086,0.002
2163,0.002
2172,0.002
2289,0.008
2289,0.008
2293,0.003
2317,0.004
2326,0.005
2358,0.001
2358,0.001
2439,0.004
2439,0.004
2449,0.001
2458,0.002
2465,0.005
2465,0.005
2465,0.005
2526,0.002
2615,0.002
2615,0.002
2615,0.002
2641,0.001
2662,0.001
2686,0.001
2689,0.007
2689,0.007
2689,0.007
2689,0.007
2689,0.007
2733,0.002
2742,0.001
2921,0.002
3016,0.003
3064,0.005
3073,0.005
3145,0.003
3146,0.003
3150,0.003
3252,0.002
3252,0.002
3253,0.001
3278,0.002
3329,0.002
3343,0.002
3343,0.002
3345,0.009
3345,0.009
3345,0.009
3345,0.009
3422,0.001
3429,0.002
3436,0.004
3436,0.004
3569,0.003
3569,0.003
3569,0.003
3569,0.003
3577,0.002
3583,0.002
3608,0.002
3628,0.005
3661,0.002
3698,0.001
3700,0.004
3700,0.004
3714,0.002
3725,0.006
3725,0.006
3736,0.001
3738,0.007
3738,0.007
3742,0.001
3787,0.003
3790,0.003
3844,0.004
3844,0.004
3874,0.002
3952,0.002
4001,0.005
4057,0.001
4073,0.002
4081,0.001
4132,0.002
4145,0.001
4150,0.003
4173,0.003
4173,0.003
4178,0.003
4263,0.002
4271,0.002
4283,0.003
4291,0.002
4294,0.002
4294,0.002
4303,0.003
4330,0.001
4384,0.002
4384,0.002
4384,0.002
4425,0.005
4425,0.005
4425,0.005
4425,0.005
4425,0.005
4425,0.005
4510,0.004
4528,0.002
4590,0.002
4627,0.001
4671,0.001
4744,0.001
4754,0.002
4759,0.002
4767,0.004
4767,0.004
4797,0.003
4798,0.001
4820,0.003
4908,0.002
4908,0.002
4924,0.003
4939,0.001
5002,0.002
5018,0.001
5019,0.003
5021,0.005
5112,0.001
5174,0.002
5190,0.001
5213,0.002
5237,0.002
5319,0.002
5345,0.002
5350,0.003
5438,0.003
5438,0.003
5631,0.002
5821,0.017
5821,0.017
5821,0.017
5821,0.017
5821,0.017
5821,0.017
5822,0.005
5839,0.002
5846,0.011
5846,0.011
5846,0.011
5846,0.011
5846,0.011
5846,0.011
5846,0.011
5971,0.001
5976,0.001
6012,0.009
6012,0.009
6019,0.002
6019,0.002
6030,0.005
6030,0.005
6030,0.005
6030,0.005
6081,0.001
6105,0.003
6176,0.002
6176,0.002
6213,0.001
6220,0.001
6243,0.001
6370,0.001
6371,0.002
6371,0.002
6398,0.002
6481,0.003
6585,0.003
6656,0.003
6677,0.019
6677,0.019
6677,0.019
6677,0.019
6688,0.014
6688,0.014
6688,0.014
6725,0.005
6730,0.003
6730,0.003
6752,0.008
6752,0.008
6752,0.008
6752,0.008
6752,0.008
6752,0.008
6765,0.021
6765,0.021
6765,0.021
6765,0.021
6765,0.021
6765,0.021
6765,0.021
6765,0.021
6765,0.021
6765,0.021
6767,0.016
6767,0.016
6767,0.016
6767,0.016
6767,0.016
6767,0.016
6776,0.002
6826,0.002
6918,0.003
6939,0.004
6939,0.004
6939,0.004
6982,0.004
6982,0.004
6982,0.004
6982,0.004
6983,0.002
7084,0.005
7130,0.002
7130,0.002
7132,0.003
7135,0.004
7135,0.004
7158,0.002
7164,0.003
7181,0.004
7181,0.004
7214,0.001
7224,0.001
7263,0.001
7272,0.005
7327,0.004
7327,0.004
7331,0.003
7357,0.008
7357,0.008
7397,0.004
7415,0.003
7433,0.003
7433,0.003
7433,0.003
7433,0.003
7485,0.002
7485,0.002
7485,0.002
7485,0.002
7485,0.002
7485,0.002
7508,0.007
7508,0.007
7508,0.007
7508,0.007
7508,0.007
7508,0.007
7527,0.003
7527,0.003
7530,0.006
7530,0.006
7535,0.001
7562,0.001
7564,0.004
7604,0.003
7606,0.001
7779,0.003
7779,0.003
7779,0.003
7821,0.003
7845,0.003
7898,0.005
7898,0.005
7898,0.005
7898,0.005
7898,0.005
7898,0.005
7898,0.005
7898,0.005
7898,0.005
7898,0.005
8044,0.001
8054,0.003
8058,0.001
8079,0.003
8102,0.001
8112,0.019
8112,0.019
8112,0.019
8112,0.019
8112,0.019
8112,0.019
8112,0.019
8112,0.019
8112,0.019
8112,0.019
8112,0.019
8112,0.019
8112,0.019
8112,0.019
8112,0.019
8112,0.019
8112,0.019
8113,0.003
8114,0.003
8122,0.007
8122,0.007
8122,0.007
8193,0.002
8198,0.001
8270,0.002
8270,0.002
8270,0.002
8270,0.002
8283,0.002
8285,0.002
8299,0.005
8319,0.003
8336,0.002
8393,0.006
8393,0.006
8393,0.006
8393,0.006
8441,0.002
8460,0.004
8460,0.004
8510,0.003
8548,0.002
8578,0.001
8708,0.002
8773,0.002
8781,0.004
8781,0.004
8812,0.002
8835,0.001
8843,0.002
8919,0.002
8945,0.001
9043,0.001
9052,0.002
9058,0.002
9061,0.006
9061,0.006
9083,0.008
9083,0.008
9083,0.008
9172,0.002
9200,0.005
9220,0.002
9278,0.004
9278,0.004
9278,0.004
9278,0.004
9278,0.004
9278,0.004
9278,0.004
9278,0.004
9278,0.004
9278,0.004
9278,0.004
9278,0.004
9278,0.004
9278,0.004
9278,0.004
9278,0.004
9284,0.005
9383,0.002
9384,0.002
9384,0.002
9384,0.002
9384,0.002
9424,0.002
9501,0.001
9516,0.002
9516,0.002
9557,0.002
9562,0.001
9568,0.004
9568,0.004
9573,0.004
9573,0.004
9574,0.008
9574,0.008
9574,0.008
9574,0.008
9574,0.008
9575,0.007
9575,0.007
9575,0.007
9575,0.007
9601,0.002
9601,0.002
9647,0.003
9683,0.005
9709,0.003
9742,0.003
9754,0.003
9755,0.007
9755,0.007
9755,0.007
9756,0.004
9758,0.001
9786,0.001
9835,0.001
9843,0.002
9858,0.002
9900,0.005
9924,0.001
9926,0.003
9935,0.002
10019,0.002
10073,0.002
10079,0.001
10099,0.003
10120,0.004
10154,0.002
10175,0.004
10175,0.004
10217,0.002
10249,0.001
10277,0.002
10301,0.004
10301,0.004
10301,0.004
10310,0.003
10347,0.003
10355,0.004
10355,0.004
10357,0.001
10365,0.002
10394,0.003
10413,0.014
10413,0.014
10413,0.014
10413,0.014
10413,0.014
10413,0.014
10413,0.014
10413,0.014
10416,0.006
10416,0.006
10445,0.002
10492,0.008
10492,0.008
10493,0.004
10508,0.002
10534,0.002
10534,0.002
10556,0.001
10568,0.003
10630,0.003
10636,0.005
10660,0.002
10686,0.002
10686,0.002
10697,0.001
10781,0.002
10785,0.003
10785,0.003
10894,0.001
10921,0.004
10921,0.004
10922,0.001
10932,0.003
10945,0.001
10970,0.001
11014,0.004
11014,0.004
11014,0.004
11014,0.004
11040,0.001
11076,0.002
11079,0.002
11091,0.003
11123,0.002
11151,0.001
11210,0.004
11210,0.004
11210,0.004
11234,0.004
11234,0.004
11234,0.004
11253,0.001
11253,0.001
11253,0.001
11410,0.004
11419,0.003
11527,0.004
11610,0.003
11697,0.003
11697,0.003
11699,0.001
11757,0.001
11786,0.002
11790,0.002
11804,0.004
11804,0.004
11804,0.004
11806,0.002
11812,0.004
11831,0.003
11835,0.002
11844,0.002
11857,0.002
11857,0.002
11872,0.002
11876,0.003
11887,0.002
11892,0.002
11911,0.002
11931,0.006
11931,0.006
11931,0.006
11931,0.006
11931,0.006
11936,0.003
11947,0.001
11976,0.001
12056,0.005
12056,0.005
12063,0.003
12063,0.003
12087,0.003
12099,0.002
12101,0.002
12101,0.002
12101,0.002
12104,0.01
12104,0.01
12104,0.01
12104,0.01
12104,0.01
12104,0.01
12104,0.01
12117,0.002
12147,0.003
12150,0.002
12188,0.001
12188,0.001
12214,0.002
12226,0.002
12227,0.001
