t_index,tf-idf
306,0.012
442,0.009
1172,0.008
1242,0.017
1522,0.007
2043,0.024
2112,0.015
2167,0.01
2435,0.01
2615,0.004
2942,0.012
3040,0.013
3105,0.022
3314,0.008
3523,0.012
3658,0.007
4077,0.014
4077,0.014
4146,0.012
4727,0.018
4763,0.012
4798,0.006
5088,0.016
5112,0.01
5354,0.008
5366,0.01
5878,0.042
5878,0.042
5878,0.042
6041,0.007
6084,0.012
6256,0.014
6382,0.021
6545,0.013
6545,0.013
6765,0.015
6998,0.007
7214,0.005
7339,0.02
7345,0.039
7345,0.039
7345,0.039
7434,0.007
7434,0.007
7485,0.003
7497,0.033
7499,0.006
8093,0.019
8289,0.02
8502,0.008
8570,0.012
8659,0.015
8721,0.01
8812,0.013
8835,0.006
8906,0.011
9233,0.01
9234,0.027
9234,0.027
9234,0.027
9281,0.035
9281,0.035
9281,0.035
9281,0.035
9281,0.035
9377,0.013
9384,0.003
9472,0.011
9516,0.008
9562,0.01
10070,0.014
10462,0.018
10470,0.013
10497,0.013
10583,0.011
10753,0.01
10773,0.033
10782,0.009
11001,0.006
11151,0.006
11244,0.013
11437,0.016
11856,0.013
11856,0.013
11857,0.008
11953,0.026
12002,0.01
12011,0.015
12063,0.01
12110,0.007
12148,0.015
12152,0.015
12197,0.013
