t_index,tf-idf
66,0.002
167,0.004
190,0.006
190,0.006
212,0.004
225,0.002
230,0.004
230,0.004
241,0.003
245,0.006
249,0.012
249,0.012
328,0.002
337,0.002
337,0.002
337,0.002
383,0.004
383,0.004
442,0.002
448,0.001
474,0.004
477,0.003
539,0.004
539,0.004
625,0.005
633,0.003
648,0.004
686,0.003
690,0.005
779,0.005
834,0.006
876,0.005
920,0.004
933,0.003
945,0.002
972,0.004
1027,0.006
1029,0.005
1035,0.028
1035,0.028
1035,0.028
1035,0.028
1035,0.028
1035,0.028
1035,0.028
1035,0.028
1050,0.005
1108,0.003
1172,0.005
1172,0.005
1172,0.005
1191,0.005
1362,0.004
1362,0.004
1401,0.009
1401,0.009
1401,0.009
1401,0.009
1401,0.009
1434,0.005
1438,0.003
1493,0.005
1528,0.003
1574,0.002
1586,0.005
1609,0.002
1610,0.008
1610,0.008
1621,0.004
1671,0.003
1685,0.002
1746,0.003
1746,0.003
1805,0.003
1810,0.004
1822,0.006
1882,0.005
1882,0.005
1882,0.005
1966,0.006
1966,0.006
2035,0.005
2035,0.005
2086,0.003
2091,0.002
2115,0.002
2116,0.003
2167,0.002
2176,0.005
2238,0.003
2335,0.006
2381,0.005
2435,0.002
2441,0.002
2458,0.003
2480,0.004
2526,0.002
2563,0.004
2563,0.004
2607,0.003
2615,0.001
2629,0.006
2629,0.006
2629,0.006
2641,0.002
2647,0.003
2716,0.003
2773,0.004
2810,0.005
2813,0.002
2814,0.004
2836,0.003
2838,0.002
2889,0.006
2889,0.006
2983,0.005
3076,0.007
3076,0.007
3172,0.004
3227,0.004
3259,0.004
3261,0.005
3261,0.005
3329,0.003
3345,0.003
3452,0.002
3493,0.004
3500,0.003
3523,0.003
3577,0.002
3584,0.004
3687,0.003
3707,0.004
3716,0.005
3727,0.004
3736,0.002
3895,0.001
3910,0.002
3932,0.004
3939,0.003
3942,0.003
3965,0.003
4007,0.006
4007,0.006
4010,0.005
4010,0.005
4020,0.006
4025,0.001
4035,0.002
4119,0.002
4145,0.005
4145,0.005
4145,0.005
4324,0.003
4352,0.004
4355,0.002
4425,0.001
4566,0.007
4566,0.007
4627,0.002
4695,0.004
4698,0.006
4762,0.003
4763,0.003
4791,0.002
4840,0.002
4865,0.006
4901,0.004
4908,0.004
4908,0.004
4908,0.004
4972,0.004
4972,0.004
4972,0.004
5019,0.005
5024,0.004
5215,0.011
5215,0.011
5215,0.011
5215,0.011
5216,0.012
5216,0.012
5216,0.012
5216,0.012
5302,0.002
5315,0.004
5330,0.005
5354,0.002
5466,0.004
5479,0.003
5493,0.006
5504,0.006
5504,0.006
5524,0.005
5549,0.004
5654,0.005
5766,0.003
5766,0.003
5766,0.003
5803,0.004
5806,0.001
5919,0.006
5934,0.003
5964,0.003
5986,0.003
6007,0.006
6028,0.002
6124,0.001
6131,0.006
6135,0.007
6142,0.002
6176,0.002
6321,0.003
6321,0.003
6345,0.009
6345,0.009
6345,0.009
6373,0.004
6397,0.002
6413,0.006
6413,0.006
6413,0.006
6413,0.006
6413,0.006
6506,0.005
6524,0.003
6545,0.001
6627,0.002
6730,0.004
6730,0.004
6749,0.002
6775,0.006
6775,0.006
6775,0.006
6776,0.003
6786,0.002
6850,0.004
6890,0.004
6909,0.001
6939,0.002
6942,0.007
6972,0.005
6982,0.002
7057,0.003
7093,0.005
7104,0.002
7106,0.005
7117,0.007
7117,0.007
7160,0.002
7214,0.002
7214,0.002
7221,0.003
7332,0.005
7339,0.004
7432,0.006
7432,0.006
7432,0.006
7433,0.001
7434,0.001
7457,0.006
7457,0.006
7457,0.006
7457,0.006
7485,0.002
7485,0.002
7485,0.002
7494,0.003
7499,0.001
7501,0.002
7732,0.009
7732,0.009
7748,0.004
7779,0.002
7781,0.002
7898,0.006
7898,0.006
7898,0.006
7898,0.006
7898,0.006
7898,0.006
7898,0.006
8004,0.005
8007,0.004
8038,0.005
8038,0.005
8038,0.005
8046,0.004
8046,0.004
8070,0.003
8090,0.006
8111,0.005
8112,0.002
8158,0.004
8169,0.004
8198,0.001
8222,0.006
8258,0.002
8270,0.001
8298,0.002
8315,0.003
8458,0.003
8478,0.01
8478,0.01
8478,0.01
8478,0.01
8653,0.002
8731,0.003
8745,0.004
8773,0.002
8825,0.009
8825,0.009
8825,0.009
8887,0.003
8887,0.003
8887,0.003
8894,0.003
8906,0.009
8906,0.009
8906,0.009
8906,0.009
8907,0.006
8907,0.006
8914,0.002
8933,0.002
9103,0.003
9189,0.009
9189,0.009
9189,0.009
9207,0.003
9222,0.005
9233,0.002
9255,0.013
9255,0.013
9278,0.004
9278,0.004
9278,0.004
9278,0.004
9278,0.004
9278,0.004
9278,0.004
9278,0.004
9278,0.004
9372,0.002
9553,0.005
9553,0.005
9562,0.002
9565,0.003
9601,0.002
9668,0.003
9686,0.004
9732,0.003
9778,0.006
9786,0.002
9835,0.002
9835,0.002
9857,0.003
9858,0.005
9858,0.005
9952,0.005
9983,0.004
10019,0.005
10019,0.005
10073,0.006
10073,0.006
10080,0.003
10255,0.002
10255,0.002
10255,0.002
10255,0.002
10365,0.005
10365,0.005
10397,0.004
10397,0.004
10404,0.006
10413,0.003
10417,0.004
10436,0.003
10534,0.008
10534,0.008
10534,0.008
10534,0.008
10534,0.008
10555,0.006
10555,0.006
10583,0.002
10584,0.002
10630,0.004
10683,0.005
10697,0.002
10752,0.004
10771,0.006
10789,0.013
10789,0.013
10789,0.013
10813,0.003
10820,0.004
10830,0.005
10915,0.006
10915,0.006
10915,0.006
10922,0.002
10922,0.002
11013,0.004
11059,0.003
11079,0.004
11079,0.004
11121,0.003
11146,0.004
11178,0.003
11231,0.004
11253,0.001
11253,0.001
11283,0.004
11406,0.004
11429,0.001
11539,0.005
11566,0.003
11566,0.003
11595,0.006
11598,0.004
11786,0.003
11818,0.006
11836,0.005
11844,0.003
11876,0.004
11882,0.005
11892,0.002
11956,0.002
12080,0.003
12104,0.004
12104,0.004
12110,0.001
12124,0.003
12198,0.002
