t_index,tf-idf
25,0.036
130,0.105
210,0.041
329,0.052
448,0.022
485,0.054
488,0.027
620,0.027
633,0.041
669,0.035
759,0.033
765,0.084
947,0.031
952,0.074
1095,0.046
1223,0.078
1240,0.074
1340,0.053
1341,0.092
1434,0.157
1456,0.039
1579,0.061
1723,0.037
1810,0.055
1916,0.055
1945,0.022
2021,0.092
2066,0.022
2252,0.024
2260,0.049
2358,0.015
2366,0.089
2612,0.045
2615,0.026
2666,0.049
2741,0.04
2742,0.027
2836,0.046
2900,0.109
2903,0.109
2936,0.235
2942,0.083
3029,0.081
3156,0.054
3284,0.042
3444,0.109
3569,0.039
3587,0.033
3648,0.035
3742,0.028
3874,0.045
4054,0.038
4057,0.022
4218,0.052
4294,0.048
4384,0.034
4410,0.109
4420,0.065
4421,0.071
4425,0.035
4462,0.092
4476,0.038
4671,0.063
4756,0.109
4791,0.03
4798,0.058
4840,0.026
4939,0.025
5104,0.057
5121,0.054
5147,0.032
5215,0.043
5263,0.029
5580,0.167
5745,0.084
5771,0.07
5878,0.139
5977,0.045
6020,0.054
6081,0.07
6087,0.036
6124,0.018
6213,0.024
6397,0.051
6413,0.036
6451,0.087
6545,0.022
6649,0.109
6716,0.076
6728,0.109
6736,0.021
6752,0.033
6775,0.029
6951,0.041
6992,0.031
6998,0.023
7214,0.031
7340,0.1
7375,0.031
7432,0.033
7433,0.017
7442,0.068
7501,0.029
7912,0.057
7987,0.081
8085,0.069
8117,0.073
8170,0.024
8198,0.019
8266,0.053
8270,0.011
8298,0.035
8461,0.028
8463,0.382
8627,0.044
8686,0.061
8762,0.053
8814,0.051
8834,0.098
8835,0.019
8841,0.047
8901,0.046
8906,0.035
8941,0.046
8980,0.229
9043,0.026
9215,0.023
9233,0.1
9234,0.182
9281,0.046
9377,0.043
9384,0.01
9409,0.076
9472,0.037
9557,0.046
9612,0.023
9792,0.074
9835,0.018
9845,0.109
9932,0.051
10043,0.035
10055,0.084
10206,0.05
10255,0.01
10266,0.087
10301,0.032
10329,0.034
10387,0.064
10458,0.054
10470,0.044
10560,0.069
10583,0.074
10686,0.018
10864,0.109
10872,0.092
10893,0.058
10894,0.293
10914,0.036
11021,0.051
11037,0.025
11123,0.042
11151,0.038
11234,0.028
11429,0.017
11590,0.067
11709,0.045
11775,0.041
11786,0.053
11904,0.04
11911,0.057
11950,0.03
11964,0.057
12187,0.069
12188,0.02
12192,0.174
12198,0.029
