t_index,tf-idf
28,0.038
88,0.046
103,0.038
117,0.086
167,0.056
282,0.132
284,0.144
330,0.068
340,0.04
485,0.027
515,0.084
666,0.059
778,0.051
787,0.053
796,0.097
797,0.43
966,0.181
1151,0.097
1193,0.044
1510,0.017
1536,0.425
1916,0.027
2028,0.102
2153,0.032
2226,0.072
2358,0.03
2419,0.05
2563,0.03
2630,0.047
2660,0.036
2662,0.057
2690,0.03
2728,0.221
2753,0.038
2766,0.028
2813,0.097
3010,0.054
3253,0.054
3322,0.11
3354,0.086
3562,0.212
3782,0.035
4002,0.05
4025,0.067
4181,0.068
4356,0.035
4570,0.038
4680,0.074
4775,0.043
4787,0.056
4842,0.05
5112,0.033
5322,0.066
5345,0.036
5716,0.033
5721,0.078
5884,0.132
6117,0.038
6184,0.047
6321,0.02
6371,0.021
6581,0.041
6648,0.215
6736,0.021
6889,0.026
6909,0.021
6982,0.025
6992,0.122
7147,0.024
7224,0.035
7307,0.049
7340,0.049
7410,0.049
7420,0.082
7527,0.098
7679,0.061
7897,0.133
7934,0.045
8038,0.05
8170,0.024
8461,0.027
8474,0.066
8872,0.049
8887,0.031
8972,0.024
9174,0.044
9373,0.077
9384,0.075
9412,0.04
9513,0.075
9612,0.023
9713,0.107
9835,0.036
9859,0.04
10113,0.068
10156,0.055
10255,0.019
10265,0.063
10288,0.076
10357,0.028
10507,0.189
10686,0.018
10731,0.043
10798,0.072
10818,0.033
10835,0.128
10919,0.108
10970,0.025
11075,0.063
11113,0.049
11171,0.04
11253,0.019
11429,0.016
11566,0.044
11781,0.09
11838,0.054
11880,0.041
11932,0.016
12193,0.023
12194,0.033
12198,0.029
