t_index,tf-idf
5,0.003
14,0.003
21,0.005
53,0.005
57,0.02
57,0.02
57,0.02
57,0.02
104,0.005
104,0.005
109,0.002
117,0.016
117,0.016
117,0.016
117,0.016
117,0.016
117,0.016
117,0.016
117,0.016
117,0.016
139,0.004
174,0.004
175,0.006
175,0.006
185,0.003
206,0.002
276,0.005
295,0.005
296,0.003
323,0.002
331,0.003
337,0.001
367,0.003
367,0.003
367,0.003
373,0.003
383,0.002
441,0.004
456,0.005
456,0.005
492,0.004
497,0.003
513,0.008
513,0.008
513,0.008
516,0.003
568,0.014
568,0.014
568,0.014
568,0.014
568,0.014
568,0.014
568,0.014
620,0.002
627,0.003
633,0.002
666,0.006
666,0.006
666,0.006
666,0.006
666,0.006
669,0.002
681,0.004
746,0.005
759,0.001
826,0.004
844,0.003
877,0.005
877,0.005
877,0.005
940,0.006
945,0.004
945,0.004
968,0.002
968,0.002
972,0.003
1012,0.002
1062,0.007
1062,0.007
1062,0.007
1095,0.003
1102,0.003
1193,0.005
1193,0.005
1193,0.005
1193,0.005
1280,0.004
1318,0.004
1401,0.005
1401,0.005
1401,0.005
1446,0.003
1510,0.003
1510,0.003
1510,0.003
1528,0.003
1559,0.004
1573,0.003
1729,0.002
1831,0.004
1868,0.006
1888,0.003
1916,0.002
1958,0.004
1958,0.004
1958,0.004
1960,0.003
1977,0.005
1988,0.002
2028,0.006
2028,0.006
2028,0.006
2028,0.006
2028,0.006
2066,0.003
2066,0.003
2167,0.002
2188,0.003
2273,0.002
2358,0.002
2358,0.002
2511,0.005
2515,0.005
2615,0.001
2641,0.003
2641,0.003
2724,0.003
2810,0.004
2813,0.001
2818,0.003
2840,0.004
2880,0.002
3157,0.004
3169,0.004
3228,0.004
3321,0.003
3322,0.003
3381,0.004
3381,0.004
3422,0.001
3538,0.003
3569,0.003
3569,0.003
3569,0.003
3575,0.002
3621,0.005
3621,0.005
3658,0.001
3680,0.004
3697,0.005
3700,0.006
3700,0.006
3707,0.004
3861,0.005
3895,0.001
4002,0.002
4025,0.003
4025,0.003
4025,0.003
4035,0.003
4035,0.003
4057,0.001
4075,0.006
4075,0.006
4077,0.001
4081,0.003
4081,0.003
4123,0.004
4178,0.004
4182,0.004
4385,0.004
4425,0.006
4425,0.006
4425,0.006
4425,0.006
4425,0.006
4425,0.006
4526,0.015
4526,0.015
4526,0.015
4526,0.015
4526,0.015
4526,0.015
4526,0.015
4526,0.015
4526,0.015
4646,0.006
4744,0.005
4744,0.005
4744,0.005
4798,0.001
4821,0.005
4837,0.003
4875,0.002
4887,0.006
4900,0.004
4908,0.001
4958,0.007
4958,0.007
4962,0.003
4972,0.004
4972,0.004
4972,0.004
5041,0.005
5079,0.002
5149,0.003
5190,0.002
5190,0.002
5213,0.002
5366,0.002
5426,0.026
5426,0.026
5426,0.026
5426,0.026
5426,0.026
5426,0.026
5426,0.026
5426,0.026
5426,0.026
5426,0.026
5465,0.038
5465,0.038
5465,0.038
5465,0.038
5465,0.038
5465,0.038
5465,0.038
5559,0.007
5559,0.007
5573,0.002
5730,0.003
5760,0.007
5760,0.007
5766,0.003
5766,0.003
5766,0.003
5797,0.003
5905,0.007
5905,0.007
5905,0.007
5970,0.005
5976,0.003
5976,0.003
5997,0.002
6019,0.004
6019,0.004
6019,0.004
6030,0.002
6076,0.002
6148,0.002
6160,0.002
6211,0.003
6359,0.002
6413,0.003
6413,0.003
6413,0.003
6501,0.004
6531,0.002
6618,0.005
6618,0.005
6618,0.005
6644,0.006
6712,0.044
6712,0.044
6712,0.044
6712,0.044
6712,0.044
6712,0.044
6712,0.044
6712,0.044
6730,0.004
6730,0.004
6733,0.009
6733,0.009
6733,0.009
6736,0.004
6736,0.004
6736,0.004
6760,0.006
6765,0.003
6824,0.013
6824,0.013
6909,0.001
6952,0.004
6955,0.003
6963,0.004
6973,0.003
6974,0.006
6974,0.006
6985,0.009
6985,0.009
7057,0.003
7157,0.002
7158,0.003
7206,0.002
7208,0.003
7264,0.005
7304,0.004
7330,0.002
7331,0.004
7333,0.003
7419,0.002
7446,0.003
7485,0.001
7499,0.001
7501,0.002
7551,0.002
7562,0.002
7679,0.004
7707,0.004
7781,0.002
7890,0.003
7898,0.001
7899,0.005
8025,0.005
8044,0.001
8154,0.002
8168,0.002
8221,0.005
8258,0.002
8270,0.001
8270,0.001
8294,0.004
8333,0.004
8350,0.005
8419,0.002
8441,0.003
8458,0.003
8473,0.005
8502,0.002
8527,0.006
8546,0.007
8546,0.007
8562,0.005
8768,0.002
8781,0.003
8801,0.005
8813,0.002
8835,0.001
8894,0.003
8906,0.002
8925,0.004
8972,0.001
8981,0.004
8998,0.003
9008,0.005
9060,0.003
9092,0.005
9180,0.005
9203,0.005
9209,0.003
9209,0.003
9215,0.001
9269,0.005
9278,0.002
9278,0.002
9278,0.002
9278,0.002
9298,0.009
9298,0.009
9298,0.009
9362,0.003
9424,0.003
9497,0.005
9505,0.002
9512,0.006
9513,0.001
9520,0.002
9555,0.002
9591,0.011
9591,0.011
9596,0.004
9601,0.001
9612,0.003
9612,0.003
9659,0.007
9713,0.002
9758,0.002
9875,0.005
10002,0.003
10003,0.003
10005,0.006
10019,0.005
10019,0.005
10070,0.003
10078,0.002
10079,0.008
10079,0.008
10079,0.008
10079,0.008
10082,0.005
10082,0.005
10088,0.003
10121,0.003
10167,0.004
10255,0.002
10255,0.002
10255,0.002
10255,0.002
10258,0.002
10329,0.001
10366,0.003
10397,0.002
10407,0.005
10430,0.003
10467,0.003
10556,0.001
10580,0.003
10672,0.004
10686,0.001
10725,0.003
10731,0.005
10731,0.005
10781,0.003
10835,0.005
10835,0.005
10835,0.005
10970,0.001
10970,0.001
11001,0.001
11004,0.005
11072,0.008
11072,0.008
11078,0.004
11079,0.006
11079,0.006
11079,0.006
11090,0.003
11097,0.003
11151,0.001
11429,0.001
11569,0.001
11674,0.005
11675,0.004
11684,0.003
11724,0.003
11740,0.003
11757,0.002
11826,0.004
11857,0.005
11857,0.005
11857,0.005
11884,0.002
11956,0.002
11989,0.005
12063,0.002
12081,0.002
12128,0.002
12188,0.001
12188,0.001
12193,0.013
12193,0.013
12193,0.013
12193,0.013
12193,0.013
12193,0.013
12193,0.013
12193,0.013
12193,0.013
12194,0.01
12194,0.01
12194,0.01
12194,0.01
12194,0.01
12241,0.005
12246,0.005
