t_index,tf-idf
109,0.027
121,0.067
132,0.084
230,0.022
286,0.058
328,0.027
337,0.01
476,0.048
477,0.033
634,0.027
670,0.067
686,0.042
735,0.023
755,0.227
759,0.013
945,0.023
1095,0.07
1111,0.028
1172,0.063
1361,0.032
1578,0.076
1617,0.058
1636,0.054
1699,0.071
1723,0.029
1731,0.049
1732,0.043
1768,0.118
1882,0.019
1890,0.071
1892,0.026
2014,0.104
2072,0.026
2101,0.242
2239,0.038
2377,0.067
2378,0.049
2435,0.025
2449,0.053
2526,0.027
2539,0.076
2563,0.047
2594,0.087
2615,0.01
2629,0.023
2641,0.039
2679,0.036
2803,0.125
2807,0.027
2826,0.028
2880,0.021
2942,0.032
2966,0.067
3004,0.044
3040,0.234
3058,0.054
3157,0.049
3253,0.021
3259,0.044
3326,0.047
3500,0.03
3503,0.036
3527,0.032
3582,0.071
3652,0.053
3658,0.076
3736,0.039
3755,0.076
3768,0.032
3880,0.026
3895,0.011
3916,0.039
3943,0.065
4002,0.019
4011,0.141
4035,0.021
4081,0.017
4082,0.071
4094,0.061
4154,0.031
4173,0.031
4184,0.194
4204,0.037
4271,0.028
4330,0.032
4356,0.027
4396,0.067
4427,0.032
4469,0.076
4538,0.076
4630,0.047
4634,0.047
4754,0.036
4761,0.055
4791,0.023
4798,0.03
4898,0.025
4918,0.051
4939,0.038
4968,0.016
4995,0.061
5007,0.032
5087,0.045
5112,0.026
5190,0.016
5218,0.032
5275,0.059
5302,0.052
5330,0.062
5407,0.076
5766,0.011
5819,0.319
5878,0.072
5901,0.038
5936,0.062
6028,0.04
6142,0.023
6160,0.058
6176,0.019
6264,0.036
6314,0.067
6370,0.02
6515,0.034
6736,0.016
6762,0.04
6898,0.076
6959,0.068
6978,0.054
7104,0.023
7130,0.029
7142,0.056
7147,0.019
7234,0.018
7279,0.038
7282,0.096
7333,0.07
7340,0.039
7341,0.071
7345,0.132
7416,0.033
7433,0.026
7434,0.028
7462,0.071
7485,0.007
7494,0.037
7499,0.017
7548,0.05
7562,0.021
7902,0.029
7914,0.036
7934,0.035
7954,0.177
8038,0.019
8106,0.061
8145,0.067
8211,0.044
8219,0.048
8273,0.026
8275,0.032
8295,0.052
8419,0.045
8439,0.058
8653,0.022
8659,0.076
8670,0.083
8678,0.052
8721,0.051
8722,0.037
8773,0.027
8818,0.047
8906,0.027
8931,0.022
8962,0.029
8970,0.045
8990,0.049
9055,0.038
9060,0.071
9145,0.035
9233,0.026
9234,0.023
9272,0.078
9278,0.02
9281,0.089
9309,0.059
9346,0.041
9362,0.044
9463,0.071
9472,0.029
9501,0.022
9510,0.146
9520,0.025
9595,0.02
9596,0.046
9758,0.063
9847,0.042
9932,0.04
9935,0.045
9997,0.061
10041,0.037
10048,0.027
10078,0.03
10139,0.084
10156,0.021
10357,0.044
10462,0.045
10470,0.24
10516,0.041
10538,0.091
10583,0.029
10584,0.03
10782,0.022
10847,0.062
10897,0.049
10919,0.028
10922,0.014
10945,0.039
10970,0.01
11014,0.016
11040,0.021
11050,0.034
11057,0.052
11063,0.041
11151,0.029
11205,0.055
11244,0.034
11253,0.008
11575,0.04
11658,0.051
11680,0.036
11700,0.079
11743,0.076
11775,0.032
11820,0.084
11857,0.041
11932,0.013
11976,0.02
12002,0.026
12011,0.038
12099,0.03
12101,0.059
12138,0.052
12146,0.044
12148,0.077
12171,0.084
12198,0.023
