t_index,tf-idf
66,0.002
106,0.004
107,0.004
110,0.003
150,0.003
203,0.003
225,0.001
319,0.002
367,0.001
383,0.001
459,0.003
497,0.002
558,0.003
579,0.001
611,0.002
628,0.003
681,0.003
696,0.003
735,0.001
759,0.001
764,0.003
816,0.004
816,0.004
836,0.002
837,0.003
903,0.002
909,0.004
932,0.002
947,0.001
968,0.002
968,0.002
981,0.003
1044,0.002
1053,0.006
1053,0.006
1053,0.006
1169,0.003
1300,0.004
1397,0.008
1397,0.008
1446,0.002
1453,0.015
1453,0.015
1453,0.015
1453,0.015
1453,0.015
1453,0.015
1453,0.015
1453,0.015
1453,0.015
1468,0.004
1507,0.005
1507,0.005
1510,0.002
1510,0.002
1529,0.01
1529,0.01
1529,0.01
1529,0.01
1529,0.01
1529,0.01
1529,0.01
1540,0.007
1540,0.007
1540,0.007
1540,0.007
1540,0.007
1582,0.002
1599,0.006
1599,0.006
1599,0.006
1609,0.003
1609,0.003
1671,0.002
1685,0.001
1716,0.002
1723,0.002
1760,0.005
1784,0.003
1801,0.001
1825,0.002
1882,0.001
1945,0.004
1945,0.004
1945,0.004
1945,0.004
1958,0.003
1958,0.003
1958,0.003
2041,0.002
2068,0.005
2099,0.003
2103,0.004
2140,0.002
2163,0.004
2163,0.004
2180,0.002
2181,0.002
2211,0.005
2247,0.002
2249,0.004
2264,0.003
2264,0.003
2324,0.003
2325,0.005
2333,0.008
2333,0.008
2334,0.004
2347,0.002
2348,0.003
2526,0.002
2536,0.003
2563,0.001
2615,0.003
2615,0.003
2615,0.003
2615,0.003
2615,0.003
2623,0.004
2662,0.001
2724,0.002
2742,0.009
2742,0.009
2742,0.009
2742,0.009
2742,0.009
2742,0.009
2742,0.009
2773,0.003
2826,0.002
2870,0.002
2899,0.005
2916,0.004
3106,0.006
3106,0.006
3106,0.006
3121,0.01
3121,0.01
3138,0.002
3252,0.003
3252,0.003
3283,0.004
3283,0.004
3291,0.002
3314,0.001
3324,0.002
3343,0.004
3343,0.004
3343,0.004
3343,0.004
3344,0.006
3344,0.006
3344,0.006
3379,0.004
3422,0.002
3422,0.002
3432,0.003
3468,0.004
3626,0.003
3661,0.002
3664,0.002
3698,0.001
3736,0.001
3768,0.002
3853,0.002
3864,0.006
3864,0.006
3864,0.006
3864,0.006
3864,0.006
3866,0.005
3866,0.005
3880,0.002
3895,0.001
3895,0.001
3910,0.002
3910,0.002
3948,0.002
3952,0.004
3952,0.004
3957,0.005
3970,0.007
3970,0.007
3970,0.007
3987,0.015
3987,0.015
3987,0.015
3991,0.002
4075,0.002
4077,0.001
4081,0.002
4081,0.002
4103,0.003
4138,0.003
4218,0.002
4271,0.002
4283,0.003
4313,0.002
4330,0.003
4330,0.003
4330,0.003
4384,0.004
4384,0.004
4384,0.004
4384,0.004
4384,0.004
4405,0.002
4405,0.002
4414,0.024
4414,0.024
4414,0.024
4414,0.024
4414,0.024
4414,0.024
4414,0.024
4414,0.024
4414,0.024
4414,0.024
4414,0.024
4414,0.024
4422,0.002
4425,0.001
4427,0.004
4427,0.004
4483,0.006
4483,0.006
4525,0.004
4627,0.002
4672,0.002
4684,0.002
4744,0.002
4744,0.002
4759,0.002
4763,0.002
4844,0.002
4851,0.002
4873,0.003
4873,0.003
4893,0.001
4908,0.003
4908,0.003
4908,0.003
4939,0.001
4968,0.002
4968,0.002
4972,0.006
4972,0.006
4972,0.006
4972,0.006
4972,0.006
4972,0.006
5018,0.002
5036,0.002
5098,0.004
5125,0.003
5190,0.001
5366,0.002
5380,0.005
5388,0.002
5398,0.001
5400,0.013
5400,0.013
5400,0.013
5400,0.013
5438,0.001
5449,0.004
5495,0.005
5520,0.002
5543,0.003
5562,0.002
5565,0.003
5580,0.004
5586,0.001
5594,0.003
5596,0.003
5605,0.002
5613,0.003
5695,0.004
5716,0.005
5716,0.005
5716,0.005
5741,0.002
5806,0.002
5806,0.002
5893,0.003
5906,0.003
5913,0.003
5971,0.001
5973,0.003
5973,0.003
5976,0.002
5976,0.002
6015,0.003
6019,0.001
6076,0.003
6076,0.003
6098,0.003
6109,0.005
6109,0.005
6124,0.002
6124,0.002
6132,0.002
6142,0.001
6213,0.002
6213,0.002
6242,0.001
6251,0.002
6321,0.001
6357,0.003
6359,0.002
6364,0.002
6370,0.001
6371,0.002
6371,0.002
6392,0.004
6454,0.003
6515,0.002
6523,0.003
6545,0.001
6563,0.004
6576,0.007
6576,0.007
6577,0.003
6577,0.003
6607,0.004
6607,0.004
6623,0.004
6657,0.002
6678,0.003
6683,0.006
6683,0.006
6749,0.005
6749,0.005
6749,0.005
6749,0.005
6779,0.004
6786,0.002
6830,0.004
6830,0.004
6882,0.003
6889,0.001
6891,0.002
6939,0.003
6939,0.003
7082,0.006
7082,0.006
7104,0.001
7121,0.004
7130,0.002
7130,0.002
7155,0.002
7157,0.001
7210,0.004
7214,0.002
7214,0.002
7214,0.002
7234,0.001
7263,0.001
7319,0.004
7420,0.002
7485,0.001
7485,0.001
7501,0.003
7501,0.003
7504,0.003
7505,0.004
7505,0.004
7532,0.003
7535,0.002
7660,0.004
7689,0.007
7689,0.007
7781,0.002
7781,0.002
7783,0.002
7785,0.002
7790,0.002
7804,0.003
7807,0.001
7893,0.003
7898,0.002
7898,0.002
7898,0.002
7898,0.002
7902,0.003
7902,0.003
7962,0.004
7982,0.004
7982,0.004
7998,0.002
8029,0.003
8038,0.002
8038,0.002
8094,0.005
8115,0.002
8117,0.001
8124,0.006
8124,0.006
8124,0.006
8147,0.002
8168,0.002
8185,0.002
8237,0.002
8270,0.004
8270,0.004
8270,0.004
8270,0.004
8270,0.004
8270,0.004
8270,0.004
8270,0.004
8272,0.002
8272,0.002
8275,0.002
8322,0.002
8351,0.003
8386,0.003
8419,0.001
8490,0.005
8531,0.01
8531,0.01
8531,0.01
8531,0.01
8531,0.01
8531,0.01
8579,0.003
8604,0.002
8650,0.003
8719,0.002
8764,0.002
8835,0.001
8868,0.007
8868,0.007
8868,0.007
8895,0.006
8895,0.006
8895,0.006
8895,0.006
8908,0.003
8914,0.002
8945,0.001
8972,0.002
8972,0.002
9027,0.003
9043,0.001
9112,0.002
9117,0.008
9117,0.008
9126,0.003
9176,0.004
9215,0.003
9215,0.003
9215,0.003
9278,0.003
9278,0.003
9278,0.003
9278,0.003
9278,0.003
9278,0.003
9278,0.003
9278,0.003
9278,0.003
9278,0.003
9278,0.003
9384,0.001
9384,0.001
9384,0.001
9412,0.002
9416,0.004
9486,0.003
9487,0.008
9487,0.008
9487,0.008
9487,0.008
9518,0.002
9520,0.001
9550,0.006
9550,0.006
9550,0.006
9551,0.009
9551,0.009
9551,0.009
9551,0.009
9551,0.009
9551,0.009
9553,0.004
9553,0.004
9657,0.005
9657,0.005
9868,0.003
9941,0.001
9954,0.005
10041,0.002
10070,0.002
10082,0.002
10249,0.001
10255,0.004
10255,0.004
10255,0.004
10255,0.004
10255,0.004
10255,0.004
10255,0.004
10255,0.004
10255,0.004
10255,0.004
10357,0.003
10357,0.003
10365,0.002
10390,0.004
10430,0.003
10431,0.003
10490,0.003
10496,0.003
10497,0.002
10513,0.002
10556,0.004
10556,0.004
10556,0.004
10556,0.004
10575,0.002
10582,0.005
10582,0.005
10627,0.008
10627,0.008
10686,0.001
10731,0.002
10745,0.002
10808,0.003
10809,0.01
10809,0.01
10809,0.01
10836,0.002
10845,0.005
10846,0.002
10894,0.002
10894,0.002
10922,0.001
10970,0.001
10970,0.001
11001,0.001
11014,0.004
11014,0.004
11014,0.004
11014,0.004
11028,0.002
11063,0.002
11151,0.002
11151,0.002
11200,0.003
11210,0.003
11210,0.003
11249,0.002
11253,0.0
11429,0.001
11557,0.002
11608,0.003
11693,0.011
11693,0.011
11693,0.011
11693,0.011
11693,0.011
11693,0.011
11699,0.004
11699,0.004
11699,0.004
11800,0.005
11800,0.005
11804,0.011
11804,0.011
11804,0.011
11804,0.011
11804,0.011
11804,0.011
11804,0.011
11804,0.011
11804,0.011
11805,0.004
11805,0.004
11806,0.002
11856,0.001
11884,0.004
11884,0.004
11884,0.004
11885,0.004
11887,0.002
11947,0.001
11950,0.001
11955,0.002
11976,0.001
11988,0.003
11988,0.003
12002,0.002
12003,0.004
12011,0.002
12030,0.006
12030,0.006
12030,0.006
12030,0.006
12036,0.004
12045,0.009
12045,0.009
12045,0.009
12101,0.001
12117,0.002
12141,0.004
12188,0.001
12188,0.001
12198,0.001
12209,0.004
12209,0.004
