t_index,tf-idf
24,0.002
66,0.001
74,0.001
101,0.001
196,0.003
196,0.003
198,0.002
206,0.001
212,0.002
251,0.003
315,0.004
315,0.004
337,0.002
337,0.002
337,0.002
337,0.002
337,0.002
473,0.002
476,0.002
497,0.004
497,0.004
497,0.004
554,0.003
611,0.003
611,0.003
629,0.002
638,0.002
639,0.003
723,0.003
791,0.003
836,0.001
877,0.001
903,0.001
917,0.002
928,0.001
932,0.001
947,0.001
1003,0.003
1008,0.003
1009,0.004
1009,0.004
1018,0.001
1044,0.003
1044,0.003
1053,0.006
1053,0.006
1053,0.006
1053,0.006
1065,0.003
1089,0.002
1095,0.002
1165,0.003
1169,0.002
1215,0.002
1240,0.002
1296,0.001
1308,0.003
1374,0.003
1446,0.002
1453,0.002
1453,0.002
1468,0.003
1474,0.003
1507,0.004
1507,0.004
1510,0.001
1529,0.002
1529,0.002
1540,0.008
1540,0.008
1540,0.008
1540,0.008
1540,0.008
1540,0.008
1540,0.008
1540,0.008
1541,0.002
1573,0.002
1599,0.007
1599,0.007
1599,0.007
1599,0.007
1599,0.007
1605,0.005
1605,0.005
1607,0.003
1625,0.002
1709,0.003
1713,0.006
1713,0.006
1713,0.006
1713,0.006
1714,0.003
1716,0.001
1717,0.002
1750,0.002
1774,0.004
1774,0.004
1780,0.002
1784,0.002
1801,0.002
1801,0.002
1870,0.002
1945,0.007
1945,0.007
1945,0.007
1945,0.007
1945,0.007
1945,0.007
1945,0.007
1945,0.007
1945,0.007
1945,0.007
1958,0.001
2064,0.002
2084,0.002
2086,0.009
2086,0.009
2086,0.009
2086,0.009
2086,0.009
2086,0.009
2086,0.009
2088,0.002
2099,0.002
2136,0.002
2143,0.002
2182,0.002
2189,0.005
2189,0.005
2193,0.003
2201,0.005
2201,0.005
2210,0.004
2210,0.004
2220,0.003
2247,0.005
2247,0.005
2247,0.005
2264,0.003
2264,0.003
2264,0.003
2312,0.002
2324,0.009
2324,0.009
2324,0.009
2324,0.009
2334,0.003
2352,0.003
2358,0.001
2379,0.006
2379,0.006
2398,0.002
2404,0.001
2553,0.002
2583,0.002
2601,0.002
2607,0.002
2615,0.0
2619,0.002
2629,0.001
2641,0.001
2653,0.003
2686,0.003
2686,0.003
2686,0.003
2715,0.004
2715,0.004
2716,0.002
2742,0.016
2742,0.016
2742,0.016
2742,0.016
2742,0.016
2742,0.016
2742,0.016
2742,0.016
2742,0.016
2742,0.016
2742,0.016
2742,0.016
2742,0.016
2742,0.016
2742,0.016
2742,0.016
2742,0.016
2742,0.016
2766,0.001
2807,0.001
2847,0.003
2866,0.006
2866,0.006
2870,0.002
2885,0.001
2936,0.002
3046,0.003
3082,0.002
3091,0.003
3103,0.002
3106,0.002
3118,0.002
3154,0.002
3164,0.002
3167,0.002
3252,0.001
3253,0.001
3263,0.002
3266,0.006
3266,0.006
3266,0.006
3306,0.002
3307,0.003
3312,0.001
3314,0.003
3314,0.003
3314,0.003
3324,0.001
3326,0.002
3343,0.007
3343,0.007
3343,0.007
3343,0.007
3343,0.007
3343,0.007
3343,0.007
3343,0.007
3343,0.007
3343,0.007
3343,0.007
3354,0.003
3401,0.002
3422,0.001
3443,0.003
3452,0.002
3452,0.002
3457,0.006
3457,0.006
3461,0.002
3575,0.002
3575,0.002
3577,0.001
3615,0.002
3621,0.003
3621,0.003
3632,0.002
3639,0.002
3639,0.002
3644,0.003
3645,0.002
3706,0.004
3706,0.004
3768,0.001
3801,0.009
3801,0.009
3801,0.009
3803,0.001
3844,0.002
3855,0.001
3866,0.002
3880,0.001
3895,0.001
3895,0.001
3895,0.001
3970,0.002
4002,0.001
4025,0.001
4057,0.004
4057,0.004
4057,0.004
4057,0.004
4057,0.004
4071,0.002
4073,0.002
4081,0.002
4081,0.002
4081,0.002
4103,0.006
4103,0.006
4103,0.006
4152,0.003
4173,0.001
4218,0.002
4313,0.002
4313,0.002
4355,0.001
4384,0.001
4397,0.006
4397,0.006
4408,0.024
4408,0.024
4408,0.024
4408,0.024
4408,0.024
4408,0.024
4408,0.024
4408,0.024
4408,0.024
4408,0.024
4408,0.024
4408,0.024
4414,0.003
4414,0.003
4420,0.001
4422,0.004
4422,0.004
4422,0.004
4427,0.007
4427,0.007
4427,0.007
4427,0.007
4427,0.007
4429,0.002
4444,0.005
4444,0.005
4526,0.001
4627,0.003
4627,0.003
4627,0.003
4727,0.002
4736,0.003
4738,0.002
4759,0.001
4767,0.002
4791,0.001
4812,0.003
4851,0.002
4856,0.003
4871,0.003
4873,0.004
4873,0.004
4873,0.004
4893,0.003
4893,0.003
4893,0.003
4962,0.001
4972,0.001
4999,0.006
4999,0.006
5036,0.001
5045,0.003
5072,0.003
5104,0.002
5121,0.002
5125,0.002
5190,0.001
5207,0.006
5207,0.006
5207,0.006
5217,0.003
5319,0.001
5326,0.002
5345,0.001
5366,0.005
5366,0.005
5366,0.005
5366,0.005
5388,0.002
5430,0.004
5430,0.004
5438,0.003
5438,0.003
5438,0.003
5489,0.002
5503,0.002
5520,0.002
5526,0.003
5528,0.003
5543,0.002
5573,0.001
5586,0.004
5586,0.004
5586,0.004
5586,0.004
5590,0.002
5591,0.001
5596,0.004
5596,0.004
5605,0.002
5637,0.002
5708,0.003
5716,0.001
5725,0.002
5728,0.003
5766,0.0
5814,0.003
5888,0.003
5906,0.002
5940,0.002
5971,0.001
5971,0.001
5973,0.002
5973,0.002
5993,0.003
5997,0.001
6015,0.011
6015,0.011
6015,0.011
6015,0.011
6015,0.011
6019,0.001
6019,0.001
6028,0.003
6028,0.003
6028,0.003
6045,0.002
6050,0.002
6081,0.002
6081,0.002
6109,0.002
6136,0.003
6142,0.001
6213,0.001
6214,0.001
6215,0.003
6239,0.001
6242,0.002
6242,0.002
6244,0.003
6277,0.003
6302,0.003
6316,0.003
6359,0.001
6362,0.002
6370,0.004
6370,0.004
6370,0.004
6370,0.004
6370,0.004
6371,0.003
6371,0.003
6371,0.003
6371,0.003
6398,0.001
6411,0.002
6413,0.001
6452,0.004
6452,0.004
6468,0.001
6510,0.003
6521,0.001
6523,0.002
6531,0.001
6559,0.003
6577,0.001
6607,0.001
6673,0.002
6679,0.002
6683,0.002
6715,0.002
6747,0.003
6749,0.008
6749,0.008
6749,0.008
6749,0.008
6749,0.008
6749,0.008
6749,0.008
6749,0.008
6749,0.008
6762,0.002
6781,0.005
6781,0.005
6783,0.003
6783,0.003
6825,0.001
6830,0.003
6830,0.003
6862,0.002
6891,0.005
6891,0.005
6891,0.005
6891,0.005
6901,0.002
6982,0.001
6992,0.006
6992,0.006
6992,0.006
6992,0.006
6992,0.006
6992,0.006
6998,0.001
7077,0.003
7104,0.001
7117,0.002
7118,0.002
7130,0.001
7130,0.001
7160,0.002
7160,0.002
7165,0.003
7187,0.002
7189,0.005
7189,0.005
7208,0.001
7210,0.003
7211,0.002
7211,0.002
7214,0.002
7214,0.002
7214,0.002
7214,0.002
7224,0.001
7263,0.001
7279,0.002
7330,0.001
7356,0.002
7412,0.002
7419,0.002
7419,0.002
7433,0.002
7433,0.002
7433,0.002
7433,0.002
7443,0.002
7457,0.001
7471,0.003
7485,0.0
7494,0.002
7499,0.001
7499,0.001
7544,0.003
7562,0.001
7570,0.002
7597,0.002
7610,0.003
7781,0.002
7781,0.002
7789,0.002
7835,0.002
7893,0.002
7902,0.003
7902,0.003
7914,0.002
7917,0.002
7932,0.001
8046,0.001
8070,0.003
8070,0.003
8101,0.003
8110,0.003
8117,0.001
8147,0.001
8170,0.001
8176,0.003
8198,0.001
8198,0.001
8270,0.002
8270,0.002
8270,0.002
8270,0.002
8270,0.002
8270,0.002
8270,0.002
8272,0.002
8272,0.002
8287,0.004
8287,0.004
8326,0.001
8329,0.002
8343,0.002
8410,0.003
8421,0.002
8502,0.001
8531,0.009
8531,0.009
8531,0.009
8531,0.009
8531,0.009
8531,0.009
8531,0.009
8570,0.003
8570,0.003
8627,0.001
8663,0.002
8719,0.004
8719,0.004
8719,0.004
8757,0.002
8835,0.002
8835,0.002
8835,0.002
8838,0.003
8838,0.003
8868,0.007
8868,0.007
8868,0.007
8868,0.007
8881,0.003
8881,0.003
8887,0.001
8887,0.001
8895,0.017
8895,0.017
8895,0.017
8895,0.017
8895,0.017
8895,0.017
8895,0.017
8895,0.017
8895,0.017
8895,0.017
8895,0.017
8895,0.017
8895,0.017
8895,0.017
8895,0.017
8914,0.001
8945,0.001
8953,0.002
8962,0.003
8962,0.003
8983,0.003
9010,0.003
9021,0.003
9021,0.003
9027,0.002
9089,0.009
9089,0.009
9089,0.009
9089,0.009
9094,0.001
9108,0.002
9112,0.002
9137,0.002
9167,0.009
9167,0.009
9167,0.009
9167,0.009
9170,0.002
9178,0.002
9215,0.001
9220,0.002
9254,0.006
9254,0.006
9278,0.002
9278,0.002
9278,0.002
9278,0.002
9278,0.002
9278,0.002
9278,0.002
9278,0.002
9354,0.003
9409,0.001
9487,0.01
9487,0.01
9487,0.01
9487,0.01
9487,0.01
9487,0.01
9487,0.01
9501,0.002
9501,0.002
9516,0.001
9518,0.001
9550,0.018
9550,0.018
9550,0.018
9550,0.018
9550,0.018
9550,0.018
9550,0.018
9550,0.018
9550,0.018
9550,0.018
9550,0.018
9550,0.018
9551,0.025
9551,0.025
9551,0.025
9551,0.025
9551,0.025
9551,0.025
9551,0.025
9551,0.025
9551,0.025
9551,0.025
9551,0.025
9551,0.025
9551,0.025
9551,0.025
9551,0.025
9551,0.025
9551,0.025
9551,0.025
9551,0.025
9551,0.025
9551,0.025
9551,0.025
9551,0.025
9552,0.005
9552,0.005
9562,0.001
9593,0.003
9593,0.003
9593,0.003
9595,0.001
9601,0.001
9608,0.001
9610,0.002
9657,0.002
9741,0.001
9786,0.001
9835,0.001
9843,0.002
9860,0.001
9862,0.002
9990,0.002
10009,0.002
10048,0.001
10121,0.001
10129,0.005
10129,0.005
10129,0.005
10130,0.003
10130,0.003
10255,0.002
10255,0.002
10255,0.002
10255,0.002
10255,0.002
10261,0.003
10363,0.001
10402,0.002
10427,0.001
10438,0.001
10450,0.002
10556,0.003
10556,0.003
10556,0.003
10556,0.003
10562,0.003
10565,0.001
10573,0.003
10617,0.003
10782,0.001
10809,0.002
10818,0.011
10818,0.011
10818,0.011
10818,0.011
10818,0.011
10818,0.011
10818,0.011
10818,0.011
10818,0.011
10818,0.011
10846,0.001
10861,0.001
10902,0.004
10902,0.004
10913,0.004
10913,0.004
10913,0.004
10913,0.004
10922,0.003
10922,0.003
10922,0.003
10922,0.003
10922,0.003
10955,0.001
10970,0.0
11005,0.001
11014,0.002
11014,0.002
11014,0.002
11021,0.002
11035,0.002
11035,0.002
11044,0.002
11059,0.001
11149,0.002
11150,0.003
11151,0.001
11153,0.001
11176,0.002
11210,0.001
11249,0.002
11253,0.002
11253,0.002
11253,0.002
11253,0.002
11253,0.002
11303,0.003
11346,0.003
11347,0.003
11426,0.001
11467,0.003
11507,0.003
11548,0.003
11566,0.001
11566,0.001
11577,0.003
11587,0.002
11590,0.004
11590,0.004
11668,0.003
11684,0.002
11693,0.004
11693,0.004
11693,0.004
11699,0.005
11699,0.005
11699,0.005
11699,0.005
11699,0.005
11747,0.003
11747,0.003
11804,0.004
11804,0.004
11804,0.004
11804,0.004
11805,0.007
11805,0.007
11805,0.007
11805,0.007
11805,0.007
11884,0.001
11931,0.001
11932,0.001
12011,0.002
12023,0.001
12030,0.003
12030,0.003
12030,0.003
12038,0.001
12045,0.002
12063,0.001
12081,0.001
12137,0.003
12159,0.003
12188,0.003
12188,0.003
12188,0.003
12188,0.003
12188,0.003
12188,0.003
12188,0.003
12188,0.003
12188,0.003
12209,0.001
12249,0.003
