t_index,tf-idf
71,0.047
157,0.035
207,0.071
211,0.042
319,0.034
323,0.029
337,0.034
366,0.058
367,0.031
373,0.042
456,0.035
617,0.048
638,0.047
727,0.04
759,0.029
781,0.059
844,0.041
947,0.027
1001,0.205
1231,0.076
1368,0.106
1453,0.033
1456,0.135
1522,0.021
1538,0.046
1653,0.055
1693,0.041
1716,0.035
1740,0.137
1746,0.024
1780,0.056
1796,0.051
1810,0.097
1811,0.062
1849,0.113
1882,0.022
1883,0.037
1945,0.132
1958,0.02
1988,0.032
2041,0.047
2066,0.019
2079,0.062
2093,0.077
2180,0.031
2229,0.032
2284,0.037
2358,0.013
2458,0.043
2547,0.073
2606,0.068
2607,0.041
2615,0.034
2742,0.024
2753,0.033
2807,0.03
2918,0.037
3119,0.041
3144,0.057
3203,0.076
3278,0.05
3343,0.034
3378,0.048
3381,0.03
3390,0.068
3569,0.034
3575,0.031
3604,0.061
3661,0.036
3747,0.057
3874,0.04
3895,0.049
3952,0.042
3970,0.044
4025,0.015
4057,0.038
4081,0.019
4173,0.035
4294,0.021
4313,0.03
4384,0.044
4390,0.19
4414,0.076
4425,0.015
4526,0.047
4666,0.136
4738,0.127
4791,0.026
4851,0.04
4854,0.056
4972,0.071
5078,0.052
5213,0.033
5345,0.032
5354,0.022
5396,0.051
5430,0.052
5438,0.052
5491,0.133
5505,0.046
5556,0.068
5573,0.032
5591,0.03
5645,0.039
5652,0.073
5716,0.029
5769,0.054
5809,0.026
5833,0.065
5926,0.085
5997,0.029
6019,0.053
6030,0.047
6046,0.038
6081,0.03
6117,0.034
6413,0.016
6468,0.035
6599,0.05
6618,0.023
6674,0.184
6771,0.052
6909,0.019
6936,0.073
7072,0.056
7130,0.032
7181,0.039
7214,0.027
7234,0.062
7289,0.056
7307,0.043
7330,0.036
7336,0.056
7433,0.015
7434,0.011
7499,0.019
7577,0.043
7606,0.025
7652,0.049
7653,0.051
7690,0.051
7691,0.047
7694,0.061
7779,0.021
8044,0.04
8171,0.033
8196,0.065
8270,0.121
8272,0.022
8298,0.03
8393,0.029
8463,0.037
8502,0.022
8531,0.032
8615,0.076
8653,0.051
8720,0.115
8813,0.064
8814,0.045
8835,0.033
8866,0.067
8873,0.068
8895,0.03
8921,0.047
8941,0.04
9019,0.055
9021,0.042
9043,0.023
9170,0.057
9233,0.029
9234,0.027
9278,0.044
9279,0.053
9332,0.052
9372,0.024
9384,0.008
9472,0.032
9506,0.025
9513,0.017
9516,0.024
9522,0.029
9551,0.029
9562,0.056
9600,0.045
9612,0.02
9787,0.062
9835,0.032
9858,0.035
10019,0.033
10079,0.089
10255,0.017
10271,0.027
10357,0.025
10438,0.037
10522,0.071
10528,0.096
10534,0.023
10578,0.047
10592,0.065
10616,0.054
10686,0.016
10922,0.016
10945,0.044
10970,0.011
11088,0.111
11151,0.017
11171,0.07
11285,0.061
11308,0.061
11324,0.076
11361,0.071
11400,0.065
11418,0.061
11429,0.014
11707,0.487
11709,0.039
11713,0.064
11757,0.133
11775,0.036
11837,0.073
11857,0.07
11877,0.065
11904,0.017
11931,0.025
11932,0.043
11988,0.076
12013,0.029
12188,0.035
12212,0.073
12250,0.068
