t_index,tf-idf
7,0.006
7,0.006
28,0.003
32,0.021
32,0.021
32,0.021
32,0.021
67,0.003
77,0.011
77,0.011
77,0.011
77,0.011
77,0.011
82,0.002
117,0.002
130,0.007
130,0.007
130,0.007
199,0.005
199,0.005
218,0.004
229,0.004
282,0.006
282,0.006
295,0.006
323,0.002
337,0.001
367,0.008
367,0.008
367,0.008
367,0.008
367,0.008
367,0.008
367,0.008
385,0.004
442,0.004
442,0.004
448,0.004
448,0.004
448,0.004
485,0.002
488,0.004
488,0.004
585,0.01
585,0.01
585,0.01
585,0.01
627,0.004
637,0.005
666,0.027
666,0.027
666,0.027
666,0.027
666,0.027
666,0.027
666,0.027
666,0.027
666,0.027
666,0.027
666,0.027
666,0.027
666,0.027
666,0.027
666,0.027
666,0.027
666,0.027
666,0.027
666,0.027
666,0.027
669,0.005
669,0.005
703,0.008
703,0.008
703,0.008
703,0.008
703,0.008
723,0.005
877,0.002
913,0.004
945,0.004
945,0.004
947,0.002
954,0.002
968,0.003
968,0.003
1062,0.005
1062,0.005
1193,0.008
1193,0.008
1193,0.008
1193,0.008
1193,0.008
1196,0.006
1196,0.006
1423,0.005
1432,0.004
1510,0.001
1522,0.002
1535,0.005
1574,0.003
1609,0.002
1916,0.006
1916,0.006
1916,0.006
2028,0.014
2028,0.014
2028,0.014
2028,0.014
2028,0.014
2028,0.014
2028,0.014
2028,0.014
2028,0.014
2028,0.014
2153,0.002
2167,0.002
2285,0.015
2285,0.015
2285,0.015
2285,0.015
2329,0.003
2358,0.001
2419,0.007
2419,0.007
2468,0.004
2524,0.005
2728,0.005
2813,0.003
2813,0.003
2820,0.005
2918,0.003
2921,0.003
3119,0.003
3183,0.004
3253,0.004
3253,0.004
3381,0.002
3422,0.001
3569,0.001
3587,0.002
3630,0.003
3639,0.002
3658,0.008
3658,0.008
3658,0.008
3658,0.008
3658,0.008
3714,0.005
3714,0.005
3742,0.002
3782,0.002
3791,0.002
3866,0.003
3895,0.001
3939,0.003
3997,0.011
3997,0.011
4079,0.005
4330,0.001
4425,0.002
4425,0.002
4526,0.002
4787,0.004
4842,0.003
4844,0.004
4893,0.002
4901,0.004
4908,0.001
4980,0.007
4980,0.007
4980,0.007
5079,0.003
5150,0.007
5150,0.007
5190,0.001
5213,0.003
5263,0.01
5263,0.01
5263,0.01
5263,0.01
5263,0.01
5294,0.004
5336,0.004
5350,0.004
5390,0.01
5390,0.01
5390,0.01
5390,0.01
5390,0.01
5390,0.01
5390,0.01
5398,0.004
5398,0.004
5426,0.006
5426,0.006
5491,0.003
5503,0.016
5503,0.016
5503,0.016
5503,0.016
5601,0.006
5730,0.003
5766,0.001
5884,0.013
5884,0.013
5884,0.013
5905,0.005
5905,0.005
5961,0.005
5961,0.005
5971,0.002
5971,0.002
6041,0.002
6087,0.002
6124,0.001
6148,0.008
6148,0.008
6148,0.008
6413,0.001
6545,0.001
6733,0.014
6733,0.014
6733,0.014
6733,0.014
6746,0.006
6749,0.002
6776,0.004
6825,0.002
6909,0.001
6998,0.002
7104,0.004
7104,0.004
7118,0.005
7147,0.002
7157,0.002
7181,0.003
7214,0.001
7224,0.001
7263,0.002
7325,0.003
7340,0.003
7419,0.002
7434,0.014
7434,0.014
7434,0.014
7434,0.014
7434,0.014
7434,0.014
7434,0.014
7434,0.014
7434,0.014
7434,0.014
7434,0.014
7434,0.014
7434,0.014
7434,0.014
7434,0.014
7434,0.014
7434,0.014
7485,0.001
7485,0.001
7501,0.002
7513,0.007
7513,0.007
7527,0.002
7539,0.003
7551,0.003
7606,0.002
7642,0.006
7691,0.004
7779,0.002
7783,0.003
7794,0.005
7897,0.005
7897,0.005
7898,0.001
7917,0.003
8044,0.006
8044,0.006
8044,0.006
8044,0.006
8074,0.012
8074,0.012
8074,0.012
8154,0.004
8154,0.004
8360,0.003
8401,0.008
8401,0.008
8401,0.008
8502,0.003
8502,0.003
8627,0.003
8672,0.002
8760,0.007
8768,0.002
8782,0.002
8813,0.002
8872,0.003
8887,0.002
8887,0.002
8932,0.007
8946,0.004
8970,0.004
8972,0.003
8972,0.003
9278,0.009
9278,0.009
9278,0.009
9278,0.009
9278,0.009
9278,0.009
9278,0.009
9278,0.009
9278,0.009
9278,0.009
9278,0.009
9278,0.009
9278,0.009
9278,0.009
9278,0.009
9278,0.009
9278,0.009
9278,0.009
9278,0.009
9278,0.009
9278,0.009
9278,0.009
9281,0.002
9373,0.003
9533,0.004
9555,0.005
9555,0.005
9565,0.006
9565,0.006
9612,0.002
9657,0.003
9713,0.002
9807,0.003
9847,0.004
9872,0.015
9872,0.015
9872,0.015
10112,0.003
10255,0.001
10255,0.001
10357,0.002
10467,0.003
10513,0.003
10515,0.004
10515,0.004
10521,0.012
10521,0.012
10534,0.002
10556,0.001
10590,0.023
10590,0.023
10590,0.023
10590,0.023
10590,0.023
10590,0.023
10590,0.023
10590,0.023
10590,0.023
10590,0.023
10590,0.023
10725,0.004
10731,0.003
10835,0.005
10835,0.005
10835,0.005
10894,0.002
10919,0.005
10919,0.005
10922,0.001
10931,0.003
10945,0.005
10945,0.005
10945,0.005
10970,0.002
10970,0.002
11001,0.001
11014,0.001
11121,0.003
11151,0.001
11169,0.009
11169,0.009
11178,0.006
11178,0.006
11194,0.004
11253,0.001
11429,0.001
11524,0.005
11566,0.002
11587,0.003
11667,0.011
11667,0.011
11757,0.002
11880,0.008
11880,0.008
11880,0.008
11884,0.002
11901,0.003
11947,0.002
11976,0.004
11976,0.004
12101,0.001
12188,0.001
12193,0.006
12193,0.006
12193,0.006
12193,0.006
12194,0.009
12194,0.009
12194,0.009
12194,0.009
