t_index,tf-idf
5,0.032
60,0.054
112,0.04
211,0.03
288,0.067
289,0.202
299,0.057
328,0.021
337,0.008
373,0.03
495,0.04
502,0.061
634,0.021
669,0.022
703,0.028
759,0.02
932,0.022
976,0.067
1018,0.021
1053,0.161
1223,0.049
1323,0.027
1510,0.01
1513,0.052
1905,0.03
2066,0.014
2077,0.025
2088,0.064
2091,0.022
2093,0.054
2112,0.032
2116,0.032
2140,0.023
2264,0.017
2270,0.079
2317,0.052
2415,0.061
2441,0.023
2458,0.03
2479,0.054
2510,0.029
2551,0.035
2648,0.042
2685,0.114
2704,0.202
2787,0.114
2878,0.067
2886,0.025
2986,0.067
3071,0.031
3116,0.067
3144,0.041
3165,0.037
3217,0.067
3250,0.049
3314,0.017
3394,0.061
3440,0.079
3503,0.029
3569,0.012
3581,0.045
3582,0.028
3583,0.026
3594,0.03
3607,0.052
3609,0.052
3736,0.016
3774,0.03
3855,0.047
3874,0.028
3895,0.009
3911,0.041
4025,0.011
4035,0.05
4049,0.049
4054,0.024
4057,0.014
4119,0.021
4137,0.035
4238,0.061
4425,0.022
4446,0.067
4526,0.017
4528,0.028
4684,0.024
4845,0.089
4972,0.013
5015,0.061
5125,0.038
5129,0.067
5139,0.067
5147,0.04
5201,0.031
5316,0.079
5319,0.026
5714,0.135
5766,0.009
5767,0.076
5771,0.022
5806,0.014
5809,0.056
5829,0.067
5858,0.054
5878,0.029
5947,0.327
5961,0.022
5980,0.04
5997,0.02
5999,0.158
6028,0.016
6046,0.027
6050,0.099
6124,0.011
6147,0.067
6161,0.035
6166,0.067
6170,0.057
6186,0.038
6192,0.023
6213,0.015
6371,0.013
6404,0.046
6409,0.043
6413,0.022
6545,0.027
6589,0.054
6746,0.054
6776,0.033
6821,0.067
6835,0.034
6865,0.05
7039,0.029
7130,0.023
7132,0.041
7134,0.04
7213,0.067
7214,0.01
7225,0.049
7326,0.057
7352,0.05
7399,0.061
7411,0.067
7413,0.042
7431,0.041
7438,0.027
7485,0.006
7562,0.017
7563,0.038
7587,0.047
7606,0.018
7655,0.067
7772,0.057
7781,0.017
7807,0.02
7899,0.057
7904,0.114
8122,0.126
8147,0.024
8268,0.042
8270,0.013
8273,0.042
8315,0.028
8320,0.031
8348,0.03
8357,0.039
8360,0.031
8363,0.043
8367,0.039
8378,0.214
8401,0.023
8419,0.091
8421,0.036
8422,0.033
8441,0.03
8453,0.067
8460,0.027
8461,0.017
8463,0.026
8466,0.047
8548,0.026
8604,0.031
8627,0.027
8653,0.018
8698,0.021
8699,0.02
8756,0.028
8788,0.043
8881,0.031
8894,0.027
8923,0.074
9215,0.014
9233,0.062
9234,0.32
9278,0.012
9281,0.014
9384,0.018
9435,0.041
9595,0.016
9601,0.03
9612,0.014
9745,0.067
9758,0.017
9831,0.031
9847,0.034
9858,0.05
10013,0.067
10043,0.022
10088,0.068
10105,0.02
10106,0.039
10113,0.043
10121,0.083
10126,0.046
10255,0.018
10262,0.021
10329,0.01
10458,0.034
10470,0.027
10560,0.043
10582,0.036
10610,0.089
10686,0.022
10697,0.075
10731,0.027
10781,0.026
10785,0.022
10818,0.021
10847,0.05
10893,0.018
10919,0.023
10945,0.015
10970,0.015
11001,0.012
11020,0.067
11032,0.046
11038,0.038
11063,0.033
11265,0.067
11317,0.036
11406,0.04
11430,0.074
11460,0.202
11566,0.014
11740,0.034
11775,0.025
11856,0.026
11904,0.012
11924,0.04
11976,0.016
12007,0.052
12030,0.019
12081,0.022
12099,0.262
12101,0.012
12110,0.029
12188,0.006
12192,0.054
12198,0.036
