t_index,tf-idf
25,0.002
25,0.002
71,0.002
82,0.001
108,0.003
108,0.003
115,0.001
130,0.001
158,0.002
206,0.001
230,0.002
230,0.002
306,0.001
337,0.001
337,0.001
340,0.001
355,0.003
355,0.003
366,0.001
367,0.005
367,0.005
367,0.005
367,0.005
367,0.005
367,0.005
367,0.005
367,0.005
367,0.005
380,0.002
383,0.001
448,0.001
449,0.001
482,0.002
487,0.001
507,0.004
507,0.004
508,0.002
620,0.001
729,0.002
731,0.002
759,0.001
759,0.001
775,0.002
911,0.003
911,0.003
928,0.001
1001,0.002
1005,0.003
1012,0.001
1018,0.002
1018,0.002
1046,0.003
1046,0.003
1051,0.002
1053,0.003
1053,0.003
1084,0.004
1084,0.004
1084,0.004
1089,0.002
1107,0.003
1132,0.001
1230,0.001
1281,0.002
1335,0.004
1335,0.004
1335,0.004
1335,0.004
1344,0.003
1344,0.003
1362,0.001
1401,0.002
1401,0.002
1438,0.001
1456,0.001
1478,0.002
1510,0.002
1510,0.002
1510,0.002
1510,0.002
1522,0.001
1582,0.004
1582,0.004
1582,0.004
1583,0.003
1583,0.003
1585,0.003
1651,0.001
1675,0.002
1685,0.001
1686,0.003
1696,0.003
1696,0.003
1697,0.001
1723,0.001
1837,0.002
1838,0.002
1945,0.012
1945,0.012
1945,0.012
1945,0.012
1945,0.012
1945,0.012
1945,0.012
1945,0.012
1945,0.012
1945,0.012
1945,0.012
1945,0.012
1945,0.012
1945,0.012
1945,0.012
1945,0.012
1945,0.012
1945,0.012
1945,0.012
2066,0.001
2066,0.001
2081,0.003
2096,0.001
2115,0.001
2119,0.003
2119,0.003
2130,0.002
2149,0.003
2149,0.003
2163,0.001
2169,0.003
2169,0.003
2180,0.002
2180,0.002
2203,0.003
2238,0.002
2252,0.001
2252,0.001
2284,0.005
2284,0.005
2284,0.005
2284,0.005
2319,0.002
2358,0.003
2358,0.003
2358,0.003
2358,0.003
2358,0.003
2358,0.003
2360,0.002
2366,0.001
2377,0.001
2413,0.001
2449,0.003
2449,0.003
2449,0.003
2468,0.002
2510,0.001
2521,0.006
2521,0.006
2543,0.002
2607,0.004
2607,0.004
2607,0.004
2615,0.002
2615,0.002
2615,0.002
2615,0.002
2635,0.001
2641,0.001
2660,0.002
2660,0.002
2669,0.003
2683,0.002
2753,0.001
2766,0.001
2838,0.002
2838,0.002
2862,0.002
2867,0.007
2867,0.007
2880,0.006
2880,0.006
2880,0.006
2880,0.006
2880,0.006
2880,0.006
2880,0.006
2885,0.007
2885,0.007
2885,0.007
2885,0.007
2885,0.007
2885,0.007
2886,0.001
2914,0.002
2921,0.001
2969,0.001
3019,0.008
3019,0.008
3019,0.008
3082,0.001
3138,0.001
3253,0.001
3284,0.003
3284,0.003
3314,0.001
3324,0.001
3401,0.006
3401,0.006
3401,0.006
3401,0.006
3403,0.003
3407,0.003
3422,0.001
3429,0.001
3475,0.003
3478,0.006
3478,0.006
3485,0.002
3503,0.003
3503,0.003
3527,0.001
3569,0.003
3569,0.003
3569,0.003
3569,0.003
3569,0.003
3602,0.002
3612,0.002
3646,0.007
3646,0.007
3646,0.007
3646,0.007
3646,0.007
3666,0.002
3696,0.003
3702,0.001
3706,0.002
3718,0.001
3736,0.001
3737,0.002
3742,0.001
3768,0.001
3807,0.001
3808,0.002
3839,0.003
3880,0.001
3895,0.001
3895,0.001
3895,0.001
3965,0.002
4002,0.002
4002,0.002
4017,0.007
4017,0.007
4025,0.001
4025,0.001
4121,0.002
4126,0.006
4126,0.006
4132,0.001
4154,0.001
4173,0.002
4173,0.002
4201,0.004
4201,0.004
4201,0.004
4294,0.004
4294,0.004
4294,0.004
4294,0.004
4294,0.004
4329,0.002
4330,0.001
4358,0.004
4358,0.004
4371,0.002
4384,0.001
4384,0.001
4425,0.003
4425,0.003
4425,0.003
4425,0.003
4425,0.003
4454,0.007
4454,0.007
4455,0.003
4476,0.001
4542,0.002
4555,0.002
4627,0.001
4648,0.004
4648,0.004
4648,0.004
4648,0.004
4666,0.017
4666,0.017
4666,0.017
4666,0.017
4666,0.017
4666,0.017
4666,0.017
4666,0.017
4666,0.017
4666,0.017
4666,0.017
4671,0.002
4671,0.002
4672,0.002
4688,0.002
4693,0.002
4776,0.003
4820,0.002
4837,0.001
4855,0.015
4855,0.015
4855,0.015
4855,0.015
4855,0.015
4872,0.003
4872,0.003
4873,0.003
4873,0.003
4873,0.003
4893,0.001
4932,0.001
4939,0.001
4957,0.002
4962,0.003
4962,0.003
4972,0.001
4980,0.001
4987,0.007
4987,0.007
5008,0.003
5008,0.003
5022,0.003
5046,0.01
5046,0.01
5046,0.01
5077,0.002
5149,0.002
5162,0.001
5190,0.002
5190,0.002
5190,0.002
5201,0.002
5223,0.003
5227,0.002
5248,0.003
5316,0.001
5319,0.001
5345,0.001
5354,0.001
5355,0.002
5356,0.002
5362,0.003
5388,0.003
5388,0.003
5409,0.002
5410,0.003
5438,0.001
5573,0.009
5573,0.009
5573,0.009
5573,0.009
5573,0.009
5573,0.009
5573,0.009
5573,0.009
5586,0.002
5586,0.002
5591,0.001
5612,0.013
5612,0.013
5612,0.013
5612,0.013
5612,0.013
5612,0.013
5612,0.013
5612,0.013
5766,0.0
5796,0.003
5806,0.013
5806,0.013
5806,0.013
5806,0.013
5806,0.013
5806,0.013
5806,0.013
5806,0.013
5806,0.013
5806,0.013
5806,0.013
5806,0.013
5806,0.013
5806,0.013
5806,0.013
5806,0.013
5806,0.013
5806,0.013
5806,0.013
5808,0.002
5934,0.001
5997,0.001
6017,0.001
6041,0.001
6044,0.002
6094,0.008
6094,0.008
6094,0.008
6100,0.002
6112,0.004
6112,0.004
6112,0.004
6112,0.004
6124,0.004
6124,0.004
6124,0.004
6124,0.004
6124,0.004
6124,0.004
6124,0.004
6142,0.001
6171,0.003
6171,0.003
6171,0.003
6176,0.001
6211,0.002
6213,0.001
6213,0.001
6239,0.001
6242,0.001
6243,0.001
6370,0.001
6371,0.001
6413,0.002
6413,0.002
6413,0.002
6413,0.002
6469,0.002
6510,0.003
6545,0.001
6546,0.005
6546,0.005
6546,0.005
6555,0.003
6577,0.003
6577,0.003
6577,0.003
6581,0.001
6582,0.001
6589,0.001
6599,0.001
6618,0.002
6618,0.002
6625,0.006
6625,0.006
6625,0.006
6625,0.006
6634,0.003
6634,0.003
6727,0.002
6749,0.003
6749,0.003
6749,0.003
6749,0.003
6825,0.003
6825,0.003
6825,0.003
6835,0.002
6850,0.002
6878,0.003
6939,0.001
6955,0.001
6959,0.007
6959,0.007
6959,0.007
6959,0.007
6959,0.007
6992,0.004
6992,0.004
6992,0.004
6992,0.004
6998,0.003
6998,0.003
6998,0.003
6998,0.003
7053,0.002
7130,0.002
7130,0.002
7130,0.002
7130,0.002
7177,0.002
7211,0.001
7214,0.003
7214,0.003
7214,0.003
7214,0.003
7214,0.003
7214,0.003
7214,0.003
7229,0.001
7252,0.003
7263,0.002
7263,0.002
7263,0.002
7327,0.001
7330,0.002
7330,0.002
7333,0.001
7345,0.001
7410,0.001
7427,0.007
7427,0.007
7442,0.006
7442,0.006
7442,0.006
7457,0.003
7457,0.003
7457,0.003
7457,0.003
7485,0.002
7485,0.002
7485,0.002
7485,0.002
7485,0.002
7485,0.002
7488,0.002
7499,0.002
7499,0.002
7499,0.002
7506,0.003
7506,0.003
7562,0.002
7562,0.002
7606,0.002
7606,0.002
7679,0.002
7690,0.002
7704,0.002
7764,0.001
7779,0.001
7785,0.002
7789,0.002
7807,0.001
7898,0.005
7898,0.005
7898,0.005
7898,0.005
7898,0.005
7898,0.005
7898,0.005
7898,0.005
7898,0.005
7898,0.005
7898,0.005
7898,0.005
7898,0.005
7920,0.002
7932,0.001
7956,0.004
7956,0.004
8102,0.001
8117,0.003
8117,0.003
8117,0.003
8117,0.003
8146,0.001
8168,0.001
8171,0.001
8196,0.002
8211,0.002
8270,0.005
8270,0.005
8270,0.005
8270,0.005
8270,0.005
8270,0.005
8270,0.005
8270,0.005
8270,0.005
8270,0.005
8270,0.005
8270,0.005
8270,0.005
8270,0.005
8270,0.005
8270,0.005
8273,0.001
8275,0.001
8305,0.003
8310,0.005
8310,0.005
8310,0.005
8310,0.005
8310,0.005
8336,0.002
8349,0.002
8358,0.003
8358,0.003
8358,0.003
8367,0.002
8401,0.001
8502,0.001
8617,0.001
8627,0.001
8664,0.001
8668,0.002
8668,0.002
8686,0.002
8691,0.002
8713,0.003
8714,0.002
8721,0.001
8813,0.002
8813,0.002
8814,0.006
8814,0.006
8814,0.006
8814,0.006
8827,0.003
8827,0.003
8828,0.002
8835,0.002
8835,0.002
8835,0.002
8841,0.006
8841,0.006
8841,0.006
8841,0.006
8876,0.002
8887,0.003
8887,0.003
8887,0.003
8887,0.003
8887,0.003
8887,0.003
8889,0.001
8891,0.002
8944,0.002
8945,0.002
8945,0.002
9020,0.002
9043,0.003
9043,0.003
9043,0.003
9043,0.003
9082,0.001
9145,0.001
9209,0.001
9278,0.001
9278,0.001
9278,0.001
9278,0.001
9332,0.002
9340,0.003
9383,0.001
9384,0.001
9384,0.001
9400,0.002
9513,0.001
9516,0.004
9516,0.004
9516,0.004
9516,0.004
9516,0.004
9520,0.001
9522,0.001
9551,0.003
9551,0.003
9551,0.003
9593,0.001
9595,0.002
9595,0.002
9595,0.002
9612,0.001
9695,0.004
9695,0.004
9720,0.003
9741,0.001
9751,0.001
9758,0.001
9786,0.001
9802,0.001
9835,0.002
9835,0.002
9835,0.002
9857,0.005
9857,0.005
9857,0.005
9858,0.001
9859,0.001
10003,0.005
10003,0.005
10003,0.005
10019,0.002
10019,0.002
10040,0.002
10043,0.001
10065,0.001
10073,0.001
10078,0.002
10078,0.002
10091,0.002
10105,0.001
10121,0.005
10121,0.005
10121,0.005
10121,0.005
10149,0.002
10154,0.001
10188,0.002
10206,0.002
10222,0.002
10235,0.002
10235,0.002
10255,0.002
10255,0.002
10255,0.002
10255,0.002
10255,0.002
10255,0.002
10264,0.002
10329,0.003
10329,0.003
10329,0.003
10329,0.003
10329,0.003
10329,0.003
10357,0.001
10365,0.002
10365,0.002
10399,0.002
10413,0.001
10427,0.001
10428,0.002
10445,0.003
10445,0.003
10508,0.001
10527,0.002
10584,0.001
10697,0.004
10697,0.004
10697,0.004
10697,0.004
10726,0.002
10762,0.002
10782,0.002
10782,0.002
10785,0.002
10785,0.002
10861,0.001
10893,0.002
10893,0.002
10894,0.007
10894,0.007
10894,0.007
10894,0.007
10894,0.007
10894,0.007
10894,0.007
10894,0.007
10894,0.007
10913,0.002
10913,0.002
10914,0.002
10914,0.002
10915,0.001
10921,0.001
10970,0.001
10970,0.001
10979,0.002
11001,0.005
11001,0.005
11001,0.005
11001,0.005
11001,0.005
11001,0.005
11001,0.005
11001,0.005
11014,0.001
11014,0.001
11059,0.001
11076,0.001
11088,0.003
11088,0.003
11114,0.002
11128,0.001
11151,0.001
11194,0.002
11234,0.001
11253,0.001
11253,0.001
11285,0.002
11356,0.001
11366,0.002
11429,0.003
11429,0.003
11429,0.003
11429,0.003
11429,0.003
11431,0.005
11431,0.005
11431,0.005
11431,0.005
11566,0.001
11566,0.001
11608,0.002
11658,0.002
11684,0.002
11707,0.035
11707,0.035
11707,0.035
11707,0.035
11707,0.035
11707,0.035
11707,0.035
11707,0.035
11707,0.035
11707,0.035
11707,0.035
11707,0.035
11707,0.035
11707,0.035
11707,0.035
11707,0.035
11707,0.035
11707,0.035
11707,0.035
11707,0.035
11707,0.035
11707,0.035
11707,0.035
11707,0.035
11707,0.035
11708,0.019
11708,0.019
11708,0.019
11708,0.019
11708,0.019
11708,0.019
11708,0.019
11708,0.019
11708,0.019
11708,0.019
11708,0.019
11708,0.019
11708,0.019
11756,0.002
11757,0.008
11757,0.008
11757,0.008
11757,0.008
11757,0.008
11757,0.008
11757,0.008
11757,0.008
11757,0.008
11767,0.003
11768,0.003
11835,0.001
11848,0.001
11856,0.002
11856,0.002
11856,0.002
11857,0.018
11857,0.018
11857,0.018
11857,0.018
11857,0.018
11857,0.018
11857,0.018
11857,0.018
11857,0.018
11857,0.018
11857,0.018
11857,0.018
11857,0.018
11857,0.018
11857,0.018
11857,0.018
11857,0.018
11857,0.018
11857,0.018
11857,0.018
11857,0.018
11857,0.018
11884,0.001
11904,0.003
11904,0.003
11904,0.003
11904,0.003
11904,0.003
11923,0.003
11932,0.0
11947,0.001
11955,0.001
11964,0.002
11988,0.001
11996,0.001
12002,0.001
12049,0.002
12083,0.005
12083,0.005
12083,0.005
12101,0.003
12101,0.003
12101,0.003
12101,0.003
12101,0.003
12110,0.003
12110,0.003
12110,0.003
12110,0.003
12117,0.001
12122,0.002
12152,0.002
12186,0.002
12188,0.001
12188,0.001
12188,0.001
12188,0.001
12198,0.002
12198,0.002
12214,0.002
12214,0.002
12216,0.002
