t_index,tf-idf
28,0.02
61,0.056
71,0.028
88,0.024
115,0.023
211,0.075
216,0.024
230,0.015
241,0.025
306,0.021
323,0.051
337,0.027
355,0.025
366,0.017
367,0.046
371,0.051
430,0.037
442,0.015
444,0.033
488,0.014
509,0.023
527,0.09
553,0.04
586,0.029
592,0.074
618,0.035
670,0.022
671,0.023
681,0.034
722,0.035
759,0.009
801,0.032
824,0.045
840,0.039
843,0.042
945,0.016
981,0.029
1009,0.03
1051,0.04
1089,0.032
1113,0.042
1193,0.035
1335,0.035
1350,0.02
1387,0.056
1438,0.041
1456,0.04
1464,0.043
1469,0.026
1510,0.017
1528,0.025
1551,0.023
1646,0.041
1693,0.025
1716,0.021
1727,0.042
1729,0.016
1759,0.043
1774,0.056
1796,0.061
1801,0.014
1805,0.045
1825,0.053
1863,0.062
1881,0.027
1882,0.091
1945,0.248
2018,0.048
2063,0.031
2066,0.034
2079,0.037
2091,0.018
2093,0.182
2096,0.021
2108,0.031
2147,0.025
2204,0.051
2239,0.026
2252,0.013
2264,0.014
2284,0.022
2343,0.026
2358,0.039
2373,0.042
2401,0.033
2404,0.021
2413,0.05
2420,0.032
2445,0.024
2465,0.019
2466,0.038
2512,0.045
2571,0.033
2583,0.033
2612,0.047
2615,0.013
2643,0.023
2662,0.015
2664,0.039
2686,0.016
2733,0.022
2807,0.036
2843,0.035
2889,0.025
2969,0.022
2990,0.04
3002,0.036
3066,0.026
3175,0.023
3202,0.041
3253,0.014
3283,0.042
3284,0.087
3314,0.014
3343,0.01
3381,0.018
3386,0.065
3401,0.025
3452,0.017
3465,0.045
3470,0.026
3480,0.043
3503,0.024
3538,0.025
3575,0.019
3577,0.02
3579,0.074
3604,0.036
3671,0.051
3687,0.023
3698,0.014
3703,0.09
3736,0.013
3747,0.034
3782,0.037
3796,0.018
3854,0.035
3864,0.014
3867,0.023
3869,0.026
3892,0.028
3895,0.022
3939,0.022
3964,0.051
4025,0.053
4119,0.018
4121,0.08
4132,0.022
4154,0.021
4201,0.081
4204,0.025
4294,0.025
4305,0.043
4329,0.032
4330,0.022
4336,0.056
4337,0.037
4338,0.033
4371,0.033
4384,0.026
4420,0.017
4422,0.021
4425,0.037
4436,0.039
4476,0.02
4477,0.029
4493,0.037
4526,0.014
4544,0.042
4630,0.031
4648,0.015
4666,0.188
4678,0.043
4738,0.038
4754,0.024
4772,0.029
4777,0.028
4793,0.03
4872,0.029
4908,0.02
4932,0.047
4939,0.013
4968,0.022
4984,0.036
4985,0.024
5008,0.023
5014,0.038
5075,0.026
5078,0.031
5140,0.038
5156,0.036
5162,0.024
5192,0.035
5213,0.02
5227,0.055
5288,0.029
5290,0.042
5335,0.025
5345,0.019
5354,0.026
5388,0.028
5392,0.034
5479,0.024
5520,0.024
5549,0.033
5573,0.038
5592,0.029
5594,0.034
5645,0.023
5746,0.041
5766,0.008
5771,0.018
5806,0.012
5809,0.031
5934,0.073
5971,0.006
5973,0.015
5976,0.014
6001,0.038
6019,0.042
6030,0.028
6036,0.018
6043,0.045
6115,0.051
6124,0.009
6132,0.027
6142,0.047
6213,0.025
6226,0.041
6239,0.021
6256,0.025
6288,0.126
6358,0.048
6370,0.028
6397,0.013
6413,0.009
6463,0.027
6469,0.056
6548,0.029
6589,0.022
6599,0.015
6659,0.042
6674,0.036
6689,0.028
6691,0.037
6695,0.033
6736,0.022
6749,0.042
6765,0.101
6771,0.092
6786,0.055
6825,0.016
6909,0.011
6967,0.037
6998,0.012
6999,0.031
7024,0.045
7053,0.041
7117,0.029
7130,0.067
7157,0.029
7214,0.016
7229,0.024
7234,0.012
7242,0.056
7263,0.014
7380,0.051
7422,0.045
7433,0.009
7434,0.006
7485,0.014
7499,0.033
7506,0.029
7531,0.041
7606,0.015
7644,0.03
7679,0.064
7694,0.036
7699,0.027
7781,0.084
7790,0.026
7807,0.017
7831,0.036
7857,0.018
7867,0.045
7898,0.04
7951,0.027
7956,0.038
7964,0.048
7970,0.122
8014,0.03
8028,0.034
8056,0.033
8063,0.034
8085,0.036
8112,0.013
8117,0.025
8141,0.045
8169,0.033
8171,0.02
8198,0.01
8270,0.083
8315,0.047
8326,0.019
8358,0.019
8386,0.029
8393,0.034
8419,0.015
8523,0.051
8570,0.02
8630,0.045
8670,0.028
8714,0.033
8722,0.025
8764,0.05
8781,0.023
8813,0.038
8827,0.03
8835,0.019
8838,0.027
8852,0.045
8867,0.051
8906,0.018
8926,0.048
8979,0.028
8995,0.037
8998,0.027
9019,0.033
9043,0.027
9072,0.036
9130,0.041
9174,0.023
9209,0.014
9215,0.012
9278,0.039
9279,0.157
9362,0.029
9372,0.028
9384,0.005
9452,0.034
9467,0.041
9506,0.015
9511,0.045
9513,0.01
9516,0.014
9561,0.037
9562,0.017
9612,0.024
9629,0.034
9639,0.029
9647,0.042
9657,0.027
9713,0.014
9735,0.024
9741,0.02
9802,0.034
9835,0.009
9857,0.027
9960,0.03
10003,0.028
10048,0.018
10154,0.043
10156,0.014
10222,0.03
10223,0.042
10249,0.015
10255,0.035
10329,0.009
10355,0.045
10357,0.044
10397,0.029
10413,0.02
10438,0.022
10467,0.027
10497,0.022
10513,0.02
10534,0.027
10556,0.023
10568,0.035
10578,0.056
10616,0.032
10623,0.027
10660,0.063
10686,0.009
10694,0.04
10697,0.031
10734,0.036
10755,0.044
10785,0.019
10820,0.035
10860,0.051
10894,0.013
10914,0.038
10915,0.031
10922,0.01
11001,0.01
11014,0.011
11016,0.036
11029,0.025
11037,0.013
11040,0.014
11088,0.044
11105,0.041
11200,0.03
11253,0.025
11324,0.045
11356,0.024
11394,0.09
11400,0.039
11429,0.043
11529,0.056
11557,0.02
11566,0.012
11658,0.035
11705,0.048
11707,0.482
11708,0.103
11709,0.023
11749,0.048
11757,0.142
11779,0.045
11780,0.051
11854,0.039
11856,0.011
11857,0.041
11901,0.023
11904,0.01
11924,0.033
11937,0.036
11947,0.036
11950,0.016
11976,0.014
12002,0.017
12049,0.054
12058,0.034
12104,0.017
12110,0.036
12128,0.019
12155,0.023
12188,0.026
12214,0.061
12216,0.032
