t_index,tf-idf
22,0.002
24,0.002
82,0.001
101,0.001
108,0.002
130,0.001
150,0.002
185,0.003
185,0.003
198,0.003
229,0.002
266,0.013
266,0.013
266,0.013
266,0.013
266,0.013
266,0.013
323,0.001
330,0.001
337,0.0
345,0.001
383,0.002
383,0.002
497,0.002
629,0.002
636,0.004
636,0.004
667,0.004
673,0.003
734,0.003
844,0.004
844,0.004
903,0.002
928,0.003
928,0.003
932,0.001
935,0.029
935,0.029
935,0.029
935,0.029
935,0.029
935,0.029
935,0.029
935,0.029
935,0.029
935,0.029
935,0.029
947,0.001
948,0.002
949,0.003
968,0.002
968,0.002
1102,0.002
1142,0.004
1183,0.003
1220,0.002
1230,0.004
1230,0.004
1362,0.001
1394,0.008
1394,0.008
1401,0.003
1401,0.003
1401,0.003
1442,0.009
1442,0.009
1442,0.009
1443,0.004
1446,0.002
1450,0.003
1510,0.001
1510,0.001
1522,0.001
1529,0.001
1551,0.002
1560,0.003
1562,0.001
1579,0.007
1579,0.007
1579,0.007
1602,0.006
1602,0.006
1627,0.008
1627,0.008
1742,0.003
1845,0.004
1845,0.004
1859,0.002
1881,0.002
1888,0.005
1888,0.005
1888,0.005
1889,0.005
1889,0.005
1889,0.005
1892,0.004
1892,0.004
1892,0.004
1916,0.001
1960,0.004
1960,0.004
1988,0.016
1988,0.016
1988,0.016
1988,0.016
1988,0.016
1988,0.016
1988,0.016
1988,0.016
1988,0.016
1988,0.016
1988,0.016
1988,0.016
2004,0.003
2052,0.002
2080,0.002
2112,0.002
2122,0.004
2139,0.003
2153,0.001
2174,0.004
2217,0.004
2219,0.003
2247,0.002
2252,0.001
2319,0.002
2323,0.003
2323,0.003
2337,0.004
2358,0.004
2358,0.004
2358,0.004
2358,0.004
2358,0.004
2358,0.004
2358,0.004
2362,0.008
2362,0.008
2362,0.008
2362,0.008
2367,0.003
2367,0.003
2367,0.003
2419,0.002
2468,0.002
2528,0.004
2606,0.006
2606,0.006
2615,0.0
2641,0.001
2655,0.008
2655,0.008
2655,0.008
2655,0.008
2655,0.008
2664,0.001
2666,0.002
2720,0.003
2733,0.002
2742,0.001
2776,0.003
2789,0.002
2790,0.003
2807,0.004
2807,0.004
2807,0.004
2814,0.002
2826,0.003
2826,0.003
2880,0.001
2885,0.001
2887,0.002
2921,0.002
2964,0.003
3044,0.002
3071,0.002
3119,0.004
3119,0.004
3175,0.002
3252,0.001
3253,0.001
3283,0.003
3283,0.003
3314,0.002
3314,0.002
3343,0.011
3343,0.011
3343,0.011
3343,0.011
3343,0.011
3343,0.011
3343,0.011
3343,0.011
3343,0.011
3343,0.011
3343,0.011
3343,0.011
3343,0.011
3343,0.011
3343,0.011
3354,0.003
3359,0.003
3388,0.001
3446,0.002
3461,0.002
3464,0.002
3522,0.003
3549,0.012
3549,0.012
3549,0.012
3549,0.012
3549,0.012
3549,0.012
3601,0.002
3615,0.002
3618,0.004
3651,0.004
3651,0.004
3702,0.003
3702,0.003
3704,0.003
3718,0.002
3760,0.009
3760,0.009
3760,0.009
3768,0.005
3768,0.005
3768,0.005
3802,0.003
3811,0.004
3895,0.002
3895,0.002
3895,0.002
4002,0.003
4002,0.003
4002,0.003
4025,0.001
4035,0.001
4036,0.003
4056,0.003
4057,0.001
4077,0.001
4085,0.004
4096,0.002
4119,0.001
4132,0.005
4132,0.005
4132,0.005
4154,0.002
4175,0.004
4175,0.004
4180,0.002
4280,0.02
4280,0.02
4280,0.02
4280,0.02
4280,0.02
4280,0.02
4280,0.02
4280,0.02
4280,0.02
4280,0.02
4294,0.006
4294,0.006
4294,0.006
4294,0.006
4294,0.006
4294,0.006
4294,0.006
4425,0.005
4425,0.005
4425,0.005
4425,0.005
4425,0.005
4425,0.005
4425,0.005
4526,0.003
4526,0.003
4526,0.003
4551,0.01
4551,0.01
4551,0.01
4551,0.01
4551,0.01
4648,0.001
4713,0.004
4744,0.001
4809,0.008
4809,0.008
4809,0.008
4809,0.008
4837,0.002
4873,0.003
4873,0.003
4893,0.001
4967,0.003
4980,0.003
4980,0.003
5077,0.008
5077,0.008
5077,0.008
5077,0.008
5104,0.002
5115,0.006
5115,0.006
5115,0.006
5147,0.001
5185,0.002
5190,0.002
5190,0.002
5191,0.003
5213,0.003
5213,0.003
5244,0.003
5275,0.001
5354,0.004
5354,0.004
5354,0.004
5354,0.004
5376,0.003
5390,0.001
5438,0.003
5438,0.003
5438,0.003
5461,0.022
5461,0.022
5461,0.022
5461,0.022
5461,0.022
5461,0.022
5461,0.022
5461,0.022
5461,0.022
5461,0.022
5461,0.022
5461,0.022
5462,0.017
5462,0.017
5462,0.017
5462,0.017
5462,0.017
5462,0.017
5462,0.017
5462,0.017
5522,0.004
5552,0.004
5639,0.008
5639,0.008
5766,0.001
5797,0.002
5806,0.001
5809,0.003
5809,0.003
5809,0.003
5826,0.011
5826,0.011
5826,0.011
5826,0.011
5864,0.004
5961,0.001
5965,0.008
5965,0.008
5971,0.002
5971,0.002
5971,0.002
5971,0.002
6050,0.004
6050,0.004
6081,0.001
6124,0.001
6142,0.001
6161,0.002
6171,0.001
6220,0.001
6231,0.006
6231,0.006
6251,0.005
6251,0.005
6251,0.005
6326,0.004
6359,0.001
6370,0.001
6413,0.003
6413,0.003
6413,0.003
6413,0.003
6413,0.003
6618,0.001
6659,0.002
6775,0.002
6775,0.002
6818,0.003
6861,0.003
6890,0.003
6909,0.002
6909,0.002
6952,0.003
6955,0.002
6959,0.002
6982,0.001
6992,0.02
6992,0.02
6992,0.02
6992,0.02
6992,0.02
6992,0.02
6992,0.02
6992,0.02
6992,0.02
6992,0.02
6992,0.02
6992,0.02
6992,0.02
6992,0.02
6992,0.02
6992,0.02
6992,0.02
6998,0.001
7057,0.007
7057,0.007
7057,0.007
7057,0.007
7063,0.003
7104,0.001
7130,0.009
7130,0.009
7130,0.009
7130,0.009
7130,0.009
7130,0.009
7130,0.009
7130,0.009
7130,0.009
7130,0.009
7130,0.009
7130,0.009
7130,0.009
7134,0.002
7167,0.002
7182,0.003
7182,0.003
7214,0.002
7214,0.002
7214,0.002
7224,0.001
7330,0.006
7330,0.006
7330,0.006
7330,0.006
7333,0.007
7333,0.007
7333,0.007
7333,0.007
7351,0.003
7375,0.001
7401,0.002
7416,0.002
7420,0.003
7420,0.003
7435,0.004
7440,0.004
7457,0.001
7485,0.001
7485,0.001
7499,0.001
7505,0.002
7508,0.001
7512,0.003
7566,0.036
7566,0.036
7566,0.036
7566,0.036
7566,0.036
7566,0.036
7566,0.036
7566,0.036
7566,0.036
7566,0.036
7566,0.036
7566,0.036
7566,0.036
7566,0.036
7566,0.036
7566,0.036
7566,0.036
7571,0.003
7662,0.003
7764,0.002
7773,0.006
7773,0.006
7779,0.001
7781,0.004
7781,0.004
7781,0.004
7781,0.004
7783,0.002
7856,0.006
7856,0.006
7857,0.001
7898,0.004
7898,0.004
7898,0.004
7898,0.004
7898,0.004
7898,0.004
7898,0.004
7898,0.004
7927,0.004
8037,0.004
8044,0.001
8102,0.001
8117,0.007
8117,0.007
8117,0.007
8117,0.007
8117,0.007
8117,0.007
8117,0.007
8117,0.007
8146,0.004
8146,0.004
8147,0.004
8147,0.004
8147,0.004
8168,0.001
8171,0.001
8198,0.004
8198,0.004
8198,0.004
8198,0.004
8198,0.004
8270,0.003
8270,0.003
8270,0.003
8270,0.003
8270,0.003
8270,0.003
8270,0.003
8270,0.003
8272,0.003
8272,0.003
8272,0.003
8298,0.003
8298,0.003
8322,0.002
8326,0.003
8326,0.003
8331,0.001
8336,0.002
8341,0.012
8341,0.012
8341,0.012
8341,0.012
8341,0.012
8341,0.012
8358,0.001
8386,0.002
8421,0.002
8517,0.002
8531,0.001
8536,0.004
8578,0.001
8587,0.009
8587,0.009
8587,0.009
8612,0.003
8645,0.003
8652,0.013
8652,0.013
8652,0.013
8652,0.013
8699,0.002
8699,0.002
8708,0.006
8708,0.006
8708,0.006
8714,0.012
8714,0.012
8714,0.012
8714,0.012
8714,0.012
8774,0.003
8781,0.002
8782,0.005
8782,0.005
8782,0.005
8782,0.005
8808,0.002
8827,0.002
8887,0.001
8887,0.001
8895,0.001
8899,0.002
8914,0.001
8921,0.002
8972,0.001
9069,0.002
9094,0.004
9094,0.004
9094,0.004
9125,0.002
9149,0.003
9209,0.002
9209,0.002
9215,0.002
9215,0.002
9275,0.004
9384,0.002
9384,0.002
9384,0.002
9384,0.002
9384,0.002
9384,0.002
9423,0.004
9522,0.001
9553,0.002
9593,0.003
9593,0.003
9593,0.003
9594,0.003
9595,0.002
9595,0.002
9612,0.001
9668,0.002
9732,0.002
9779,0.002
9835,0.001
9835,0.001
9836,0.003
9891,0.003
10019,0.001
10070,0.004
10070,0.004
10079,0.001
10082,0.002
10105,0.002
10105,0.002
10206,0.004
10206,0.004
10255,0.001
10255,0.001
10333,0.003
10397,0.001
10427,0.001
10467,0.002
10477,0.003
10556,0.004
10556,0.004
10556,0.004
10556,0.004
10556,0.004
10560,0.003
10561,0.006
10561,0.006
10561,0.006
10656,0.004
10660,0.003
10660,0.003
10686,0.001
10752,0.002
10812,0.002
10836,0.002
10922,0.001
10970,0.004
10970,0.004
10970,0.004
10970,0.004
10970,0.004
10970,0.004
10970,0.004
10970,0.004
11001,0.002
11001,0.002
11001,0.002
11005,0.001
11037,0.001
11040,0.002
11040,0.002
11076,0.001
11090,0.002
11119,0.005
11119,0.005
11128,0.002
11151,0.001
11196,0.002
11221,0.025
11221,0.025
11221,0.025
11221,0.025
11221,0.025
11221,0.025
11233,0.002
11253,0.001
11253,0.001
11267,0.016
11267,0.016
11267,0.016
11267,0.016
11358,0.003
11404,0.003
11418,0.003
11429,0.001
11430,0.007
11430,0.007
11430,0.007
11431,0.003
11431,0.003
11440,0.003
11530,0.003
11538,0.002
11539,0.006
11539,0.006
11629,0.002
11699,0.001
11741,0.004
11741,0.004
11741,0.004
11781,0.005
11781,0.005
11781,0.005
11798,0.008
11798,0.008
11804,0.001
11884,0.002
11884,0.002
11912,0.003
11932,0.001
11942,0.002
11955,0.003
11955,0.003
11956,0.001
11976,0.001
12010,0.002
12038,0.001
12062,0.004
12062,0.004
12062,0.004
12063,0.001
12104,0.001
12110,0.001
12124,0.002
12163,0.004
12188,0.0
