t_index,tf-idf
55,0.003
88,0.005
88,0.005
102,0.002
109,0.004
109,0.004
135,0.003
166,0.003
206,0.003
206,0.003
241,0.003
272,0.002
278,0.004
301,0.004
319,0.004
319,0.004
328,0.002
345,0.002
350,0.009
350,0.009
355,0.003
404,0.003
422,0.003
442,0.005
442,0.005
442,0.005
444,0.003
485,0.003
485,0.003
488,0.001
509,0.005
509,0.005
620,0.001
621,0.004
633,0.002
634,0.002
646,0.003
704,0.003
706,0.003
723,0.004
735,0.002
759,0.001
877,0.001
903,0.002
932,0.002
1011,0.005
1263,0.003
1316,0.003
1335,0.002
1362,0.002
1401,0.003
1401,0.003
1453,0.002
1510,0.002
1510,0.002
1522,0.001
1650,0.003
1652,0.003
1733,0.003
1746,0.003
1746,0.003
1801,0.001
1831,0.003
1958,0.002
1958,0.002
2066,0.001
2073,0.004
2077,0.002
2088,0.003
2112,0.003
2160,0.005
2160,0.005
2180,0.017
2180,0.017
2180,0.017
2180,0.017
2180,0.017
2180,0.017
2180,0.017
2180,0.017
2180,0.017
2182,0.003
2229,0.006
2229,0.006
2229,0.006
2264,0.01
2264,0.01
2264,0.01
2264,0.01
2264,0.01
2264,0.01
2264,0.01
2288,0.003
2318,0.005
2323,0.004
2323,0.004
2343,0.003
2358,0.001
2359,0.004
2361,0.004
2362,0.003
2367,0.001
2420,0.003
2445,0.002
2449,0.002
2477,0.003
2526,0.002
2651,0.002
2656,0.005
2662,0.002
2686,0.002
2689,0.002
2699,0.004
2717,0.004
2741,0.009
2741,0.009
2741,0.009
2741,0.009
2742,0.003
2742,0.003
2886,0.002
2894,0.004
2921,0.002
3010,0.003
3130,0.003
3144,0.004
3164,0.003
3253,0.004
3253,0.004
3253,0.004
3283,0.002
3312,0.002
3333,0.003
3343,0.005
3343,0.005
3343,0.005
3343,0.005
3343,0.005
3363,0.004
3422,0.002
3422,0.002
3513,0.008
3513,0.008
3519,0.003
3559,0.003
3575,0.002
3621,0.002
3702,0.002
3777,0.004
3859,0.002
3895,0.002
3895,0.002
3910,0.001
4002,0.001
4025,0.001
4055,0.008
4055,0.008
4055,0.008
4112,0.005
4171,0.052
4171,0.052
4171,0.052
4171,0.052
4171,0.052
4171,0.052
4171,0.052
4171,0.052
4171,0.052
4171,0.052
4171,0.052
4171,0.052
4171,0.052
4171,0.052
4171,0.052
4171,0.052
4171,0.052
4171,0.052
4171,0.052
4171,0.052
4171,0.052
4171,0.052
4313,0.002
4414,0.002
4425,0.003
4425,0.003
4425,0.003
4468,0.003
4521,0.002
4542,0.003
4544,0.002
4553,0.003
4557,0.006
4557,0.006
4782,0.005
4791,0.002
4803,0.005
4840,0.001
4908,0.002
4908,0.002
4911,0.003
4958,0.003
4968,0.002
4968,0.002
5008,0.002
5079,0.002
5112,0.002
5115,0.003
5177,0.004
5212,0.004
5257,0.003
5263,0.002
5275,0.004
5275,0.004
5319,0.002
5327,0.007
5327,0.007
5328,0.006
5349,0.003
5354,0.003
5354,0.003
5412,0.003
5416,0.005
5504,0.007
5504,0.007
5504,0.007
5505,0.006
5505,0.006
5645,0.002
5766,0.001
5927,0.005
5971,0.002
5971,0.002
5971,0.002
5973,0.002
5986,0.003
5999,0.003
6019,0.001
6020,0.003
6030,0.001
6036,0.002
6042,0.003
6051,0.003
6081,0.002
6084,0.015
6084,0.015
6084,0.015
6084,0.015
6084,0.015
6084,0.015
6084,0.015
6087,0.002
6129,0.006
6129,0.006
6142,0.003
6142,0.003
6146,0.004
6321,0.001
6359,0.002
6434,0.003
6454,0.003
6479,0.014
6479,0.014
6479,0.014
6479,0.014
6501,0.008
6501,0.008
6545,0.001
6600,0.006
6856,0.003
6862,0.003
6880,0.002
6889,0.007
6889,0.007
6889,0.007
6889,0.007
6889,0.007
6906,0.008
6906,0.008
6906,0.008
6909,0.001
6927,0.003
6962,0.004
6982,0.003
6982,0.003
6983,0.003
6992,0.002
6998,0.001
7130,0.002
7130,0.002
7160,0.002
7172,0.002
7214,0.003
7214,0.003
7214,0.003
7214,0.003
7224,0.002
7224,0.002
7234,0.004
7234,0.004
7234,0.004
7401,0.003
7433,0.002
7433,0.002
7434,0.001
7434,0.001
7485,0.0
7508,0.01
7508,0.01
7508,0.01
7508,0.01
7508,0.01
7508,0.01
7508,0.01
7528,0.004
7699,0.003
7735,0.009
7735,0.009
7735,0.009
7781,0.001
7784,0.003
7818,0.003
7898,0.001
7902,0.002
7932,0.004
7932,0.004
7939,0.01
7939,0.01
7939,0.01
7939,0.01
7942,0.013
7942,0.013
7942,0.013
7942,0.013
7942,0.013
7952,0.003
8038,0.001
8070,0.002
8102,0.001
8117,0.008
8117,0.008
8117,0.008
8117,0.008
8117,0.008
8117,0.008
8147,0.006
8147,0.006
8147,0.006
8170,0.001
8171,0.002
8195,0.003
8198,0.005
8198,0.005
8198,0.005
8198,0.005
8198,0.005
8267,0.002
8270,0.005
8270,0.005
8270,0.005
8270,0.005
8270,0.005
8270,0.005
8270,0.005
8270,0.005
8270,0.005
8272,0.001
8273,0.002
8306,0.004
8326,0.002
8331,0.004
8331,0.004
8360,0.003
8461,0.001
8596,0.003
8678,0.007
8678,0.007
8756,0.002
8781,0.002
8818,0.002
8850,0.002
8881,0.005
8881,0.005
8894,0.002
8895,0.002
8901,0.002
8906,0.002
8914,0.002
8917,0.021
8917,0.021
8917,0.021
8917,0.021
8917,0.021
8917,0.021
8917,0.021
8917,0.021
8917,0.021
8917,0.021
8926,0.002
8995,0.004
9018,0.003
9043,0.001
9060,0.002
9135,0.004
9171,0.006
9229,0.002
9278,0.002
9278,0.002
9278,0.002
9278,0.002
9278,0.002
9278,0.002
9278,0.002
9384,0.001
9384,0.001
9392,0.005
9392,0.005
9408,0.004
9452,0.004
9487,0.002
9501,0.003
9501,0.003
9506,0.002
9513,0.001
9533,0.003
9562,0.003
9562,0.003
9569,0.002
9600,0.003
9601,0.003
9601,0.003
9630,0.004
9651,0.004
9711,0.004
9741,0.002
9758,0.001
9760,0.004
9792,0.004
9835,0.001
9997,0.004
10003,0.003
10033,0.004
10044,0.003
10048,0.002
10105,0.002
10110,0.004
10110,0.004
10154,0.002
10158,0.003
10186,0.003
10206,0.003
10255,0.001
10258,0.002
10262,0.002
10270,0.005
10271,0.002
10301,0.007
10301,0.007
10301,0.007
10301,0.007
10366,0.003
10428,0.003
10438,0.002
10452,0.003
10473,0.003
10497,0.002
10556,0.005
10556,0.005
10556,0.005
10556,0.005
10686,0.003
10686,0.003
10686,0.003
10782,0.002
10818,0.004
10818,0.004
10897,0.003
10897,0.003
10955,0.002
10970,0.001
10970,0.001
11015,0.004
11037,0.003
11037,0.003
11040,0.001
11063,0.003
11113,0.005
11113,0.005
11128,0.002
11171,0.002
11210,0.002
11224,0.009
11224,0.009
11253,0.002
11253,0.002
11253,0.002
11283,0.003
11456,0.006
11456,0.006
11544,0.003
11591,0.004
11601,0.006
11693,0.004
11693,0.004
11702,0.003
11750,0.003
11776,0.003
11804,0.003
11804,0.003
11904,0.001
11921,0.004
11932,0.003
11932,0.003
11932,0.003
11956,0.002
12038,0.002
12062,0.002
12141,0.004
12148,0.003
12152,0.005
12152,0.005
12188,0.001
12188,0.001
12198,0.002
