t_index,tf-idf
82,0.018
117,0.016
515,0.047
515,0.047
666,0.011
1062,0.043
1062,0.043
1166,0.019
1193,0.025
1193,0.025
1220,0.026
1246,0.04
1982,0.026
2028,0.023
2028,0.023
3658,0.014
3736,0.014
4908,0.01
5277,0.016
5766,0.008
5905,0.043
5905,0.043
5971,0.007
6545,0.012
6618,0.014
6775,0.016
6909,0.012
7434,0.007
7527,0.018
7551,0.022
8154,0.016
8270,0.006
8298,0.019
8364,0.038
8403,0.031
9281,0.013
9373,0.043
9373,0.043
9384,0.01
9384,0.01
10590,0.035
10590,0.035
10835,0.014
11014,0.012
11566,0.012
11569,0.013
12193,0.013
12194,0.055
12194,0.055
12194,0.055
12197,0.024
