t_index,tf-idf
10,0.002
13,0.002
14,0.003
14,0.003
48,0.001
49,0.002
67,0.005
67,0.005
67,0.005
67,0.005
74,0.002
74,0.002
82,0.001
101,0.002
101,0.002
104,0.001
109,0.001
117,0.004
117,0.004
117,0.004
117,0.004
117,0.004
117,0.004
159,0.002
174,0.02
174,0.02
174,0.02
174,0.02
174,0.02
174,0.02
174,0.02
174,0.02
174,0.02
174,0.02
174,0.02
174,0.02
175,0.006
175,0.006
175,0.006
175,0.006
175,0.006
185,0.001
191,0.002
199,0.003
199,0.003
199,0.003
206,0.001
211,0.004
211,0.004
211,0.004
218,0.002
219,0.003
221,0.005
221,0.005
225,0.002
225,0.002
229,0.001
294,0.002
295,0.004
295,0.004
296,0.004
296,0.004
296,0.004
312,0.001
319,0.005
319,0.005
319,0.005
319,0.005
319,0.005
323,0.001
330,0.001
336,0.001
337,0.0
339,0.002
340,0.001
355,0.002
355,0.002
358,0.002
367,0.003
367,0.003
367,0.003
367,0.003
367,0.003
367,0.003
367,0.003
395,0.003
448,0.001
456,0.003
456,0.003
456,0.003
468,0.005
468,0.005
468,0.005
470,0.001
488,0.001
497,0.001
513,0.015
513,0.015
513,0.015
513,0.015
513,0.015
513,0.015
513,0.015
513,0.015
513,0.015
513,0.015
513,0.015
513,0.015
513,0.015
516,0.005
516,0.005
516,0.005
516,0.005
546,0.002
563,0.002
563,0.002
568,0.005
568,0.005
568,0.005
568,0.005
568,0.005
568,0.005
585,0.002
585,0.002
620,0.001
621,0.002
626,0.003
626,0.003
630,0.001
633,0.001
666,0.002
666,0.002
666,0.002
666,0.002
666,0.002
669,0.001
676,0.002
703,0.001
759,0.001
759,0.001
848,0.001
868,0.001
877,0.002
877,0.002
877,0.002
903,0.001
920,0.002
928,0.001
932,0.001
945,0.001
947,0.001
968,0.001
968,0.001
984,0.005
984,0.005
1012,0.001
1016,0.002
1018,0.001
1022,0.001
1046,0.002
1046,0.002
1055,0.003
1058,0.002
1062,0.01
1062,0.01
1062,0.01
1062,0.01
1062,0.01
1062,0.01
1062,0.01
1062,0.01
1062,0.01
1062,0.01
1069,0.003
1172,0.001
1174,0.004
1174,0.004
1193,0.01
1193,0.01
1193,0.01
1193,0.01
1193,0.01
1193,0.01
1193,0.01
1193,0.01
1193,0.01
1193,0.01
1193,0.01
1193,0.01
1193,0.01
1193,0.01
1193,0.01
1193,0.01
1193,0.01
1196,0.002
1196,0.002
1230,0.002
1230,0.002
1239,0.002
1249,0.002
1335,0.002
1335,0.002
1341,0.001
1361,0.001
1373,0.002
1445,0.002
1459,0.001
1469,0.001
1498,0.002
1510,0.001
1510,0.001
1510,0.001
1522,0.001
1562,0.002
1562,0.002
1562,0.002
1582,0.001
1609,0.001
1619,0.001
1650,0.001
1691,0.001
1729,0.001
1746,0.001
1882,0.001
1888,0.001
1889,0.001
1926,0.007
1926,0.007
1926,0.007
1936,0.003
1958,0.001
1958,0.001
2028,0.006
2028,0.006
2028,0.006
2028,0.006
2028,0.006
2028,0.006
2028,0.006
2028,0.006
2028,0.006
2028,0.006
2028,0.006
2028,0.006
2052,0.002
2072,0.002
2072,0.002
2093,0.003
2093,0.003
2093,0.003
2115,0.001
2116,0.001
2119,0.001
2137,0.002
2140,0.002
2140,0.002
2194,0.005
2194,0.005
2203,0.002
2222,0.002
2232,0.001
2235,0.002
2239,0.001
2244,0.001
2245,0.002
2257,0.002
2258,0.002
2263,0.003
2309,0.003
2343,0.001
2358,0.002
2358,0.002
2358,0.002
2358,0.002
2362,0.003
2362,0.003
2377,0.001
2418,0.002
2460,0.003
2493,0.002
2503,0.004
2503,0.004
2615,0.0
2629,0.001
2643,0.001
2655,0.001
2660,0.001
2662,0.001
2662,0.001
2686,0.001
2753,0.003
2753,0.003
2753,0.003
2754,0.002
2766,0.001
2768,0.003
2768,0.003
2773,0.002
2791,0.001
2794,0.001
2799,0.003
2799,0.003
2807,0.001
2813,0.001
2829,0.003
2829,0.003
2849,0.002
2921,0.002
2921,0.002
2930,0.002
2997,0.002
3045,0.001
3071,0.001
3138,0.001
3161,0.001
3176,0.002
3252,0.002
3252,0.002
3252,0.002
3268,0.001
3297,0.002
3306,0.001
3312,0.001
3321,0.001
3322,0.001
3324,0.001
3361,0.002
3372,0.001
3422,0.001
3429,0.001
3448,0.002
3454,0.002
3464,0.001
3503,0.001
3527,0.001
3533,0.003
3569,0.0
3574,0.001
3587,0.002
3587,0.002
3588,0.003
3602,0.001
3621,0.002
3621,0.002
3630,0.001
3651,0.001
3655,0.001
3661,0.001
3666,0.001
3698,0.001
3711,0.008
3711,0.008
3711,0.008
3714,0.001
3723,0.002
3730,0.001
3742,0.001
3780,0.012
3780,0.012
3780,0.012
3780,0.012
3780,0.012
3780,0.012
3780,0.012
3780,0.012
3780,0.012
3780,0.012
3780,0.012
3780,0.012
3780,0.012
3836,0.002
3845,0.002
3854,0.002
3855,0.002
3855,0.002
3857,0.001
3864,0.001
3864,0.001
3866,0.001
3867,0.001
3895,0.0
4025,0.0
4054,0.002
4054,0.002
4075,0.001
4119,0.001
4271,0.002
4271,0.002
4294,0.002
4294,0.002
4294,0.002
4333,0.003
4355,0.001
4384,0.0
4425,0.007
4425,0.007
4425,0.007
4425,0.007
4425,0.007
4425,0.007
4425,0.007
4425,0.007
4425,0.007
4425,0.007
4425,0.007
4425,0.007
4425,0.007
4425,0.007
4425,0.007
4526,0.006
4526,0.006
4526,0.006
4526,0.006
4526,0.006
4526,0.006
4526,0.006
4526,0.006
4526,0.006
4529,0.002
4544,0.001
4557,0.001
4570,0.001
4627,0.002
4627,0.002
4637,0.005
4637,0.005
4648,0.001
4648,0.001
4671,0.001
4680,0.001
4689,0.002
4744,0.001
4744,0.001
4787,0.001
4791,0.001
4798,0.003
4798,0.003
4798,0.003
4798,0.003
4798,0.003
4798,0.003
4840,0.002
4840,0.002
4840,0.002
4873,0.001
4879,0.003
4900,0.003
4900,0.003
4962,0.001
5002,0.001
5008,0.001
5041,0.002
5065,0.002
5080,0.002
5112,0.001
5114,0.003
5147,0.001
5162,0.001
5190,0.003
5190,0.003
5190,0.003
5190,0.003
5190,0.003
5260,0.002
5277,0.001
5294,0.001
5302,0.002
5302,0.002
5308,0.002
5333,0.003
5333,0.003
5333,0.003
5358,0.005
5358,0.005
5358,0.005
5375,0.002
5385,0.002
5390,0.003
5390,0.003
5390,0.003
5390,0.003
5390,0.003
5398,0.002
5398,0.002
5406,0.002
5420,0.011
5420,0.011
5420,0.011
5420,0.011
5420,0.011
5420,0.011
5426,0.014
5426,0.014
5426,0.014
5426,0.014
5426,0.014
5426,0.014
5426,0.014
5426,0.014
5426,0.014
5426,0.014
5426,0.014
5426,0.014
5426,0.014
5438,0.001
5479,0.001
5487,0.002
5503,0.002
5560,0.005
5560,0.005
5573,0.001
5591,0.001
5600,0.002
5601,0.002
5651,0.001
5668,0.002
5691,0.002
5733,0.001
5741,0.002
5741,0.002
5753,0.004
5753,0.004
5766,0.002
5766,0.002
5766,0.002
5766,0.002
5766,0.002
5806,0.001
5809,0.002
5809,0.002
5884,0.002
5905,0.01
5905,0.01
5905,0.01
5905,0.01
5905,0.01
5905,0.01
5905,0.01
5905,0.01
5905,0.01
5905,0.01
5961,0.002
5961,0.002
5971,0.001
5971,0.001
5973,0.001
5976,0.004
5976,0.004
5976,0.004
5976,0.004
5976,0.004
5976,0.004
6017,0.001
6017,0.001
6019,0.003
6019,0.003
6019,0.003
6019,0.003
6019,0.003
6028,0.002
6028,0.002
6028,0.002
6081,0.001
6087,0.005
6087,0.005
6087,0.005
6087,0.005
6087,0.005
6087,0.005
6108,0.001
6124,0.002
6124,0.002
6124,0.002
6124,0.002
6148,0.004
6148,0.004
6148,0.004
6148,0.004
6176,0.003
6176,0.003
6176,0.003
6176,0.003
6206,0.002
6213,0.001
6213,0.001
6215,0.002
6225,0.001
6242,0.001
6243,0.001
6258,0.001
6262,0.004
6262,0.004
6289,0.003
6321,0.002
6321,0.002
6321,0.002
6371,0.001
6371,0.001
6397,0.002
6397,0.002
6397,0.002
6413,0.001
6413,0.001
6482,0.002
6511,0.002
6545,0.001
6545,0.001
6581,0.001
6599,0.001
6604,0.003
6618,0.001
6627,0.004
6627,0.004
6627,0.004
6627,0.004
6627,0.004
6627,0.004
6627,0.004
6642,0.002
6643,0.002
6659,0.002
6659,0.002
6689,0.003
6689,0.003
6692,0.001
6733,0.012
6733,0.012
6733,0.012
6733,0.012
6733,0.012
6733,0.012
6733,0.012
6733,0.012
6733,0.012
6734,0.005
6734,0.005
6736,0.001
6736,0.001
6749,0.001
6775,0.002
6775,0.002
6775,0.002
6798,0.002
6826,0.001
6871,0.005
6871,0.005
6891,0.001
6909,0.001
6955,0.001
6974,0.001
6998,0.001
7057,0.003
7057,0.003
7057,0.003
7090,0.003
7123,0.003
7139,0.001
7147,0.001
7160,0.001
7181,0.002
7181,0.002
7208,0.003
7208,0.003
7208,0.003
7295,0.001
7304,0.002
7316,0.005
7316,0.005
7330,0.001
7375,0.001
7400,0.004
7400,0.004
7419,0.001
7421,0.002
7433,0.002
7433,0.002
7433,0.002
7433,0.002
7434,0.006
7434,0.006
7434,0.006
7434,0.006
7434,0.006
7434,0.006
7434,0.006
7434,0.006
7434,0.006
7434,0.006
7434,0.006
7434,0.006
7434,0.006
7434,0.006
7434,0.006
7434,0.006
7434,0.006
7434,0.006
7457,0.001
7457,0.001
7485,0.002
7485,0.002
7485,0.002
7485,0.002
7485,0.002
7485,0.002
7485,0.002
7485,0.002
7485,0.002
7499,0.001
7499,0.001
7535,0.001
7551,0.001
7583,0.002
7606,0.001
7606,0.001
7651,0.002
7693,0.002
7702,0.001
7753,0.002
7779,0.002
7779,0.002
7779,0.002
7779,0.002
7783,0.001
7789,0.002
7807,0.002
7807,0.002
7807,0.002
7890,0.003
7890,0.003
7897,0.002
7897,0.002
7898,0.0
7914,0.001
7923,0.002
7930,0.001
8044,0.001
8058,0.001
8102,0.001
8112,0.001
8112,0.001
8115,0.003
8115,0.003
8115,0.003
8117,0.002
8117,0.002
8117,0.002
8166,0.001
8170,0.001
8170,0.001
8185,0.001
8198,0.002
8198,0.002
8198,0.002
8198,0.002
8198,0.002
8250,0.002
8270,0.001
8270,0.001
8270,0.001
8270,0.001
8272,0.002
8272,0.002
8272,0.002
8279,0.003
8284,0.002
8285,0.001
8298,0.003
8298,0.003
8298,0.003
8322,0.001
8324,0.001
8331,0.001
8348,0.001
8349,0.001
8357,0.008
8357,0.008
8357,0.008
8357,0.008
8357,0.008
8390,0.002
8390,0.002
8407,0.002
8460,0.001
8502,0.002
8502,0.002
8502,0.002
8570,0.001
8607,0.001
8627,0.001
8653,0.002
8653,0.002
8653,0.002
8672,0.001
8699,0.001
8719,0.001
8725,0.005
8725,0.005
8725,0.005
8756,0.001
8768,0.003
8768,0.003
8768,0.003
8768,0.003
8807,0.002
8813,0.001
8816,0.002
8822,0.002
8827,0.001
8848,0.003
8848,0.003
8887,0.003
8887,0.003
8887,0.003
8887,0.003
8887,0.003
8887,0.003
8887,0.003
8902,0.001
8919,0.001
8945,0.002
8945,0.002
8953,0.002
8972,0.001
8976,0.002
8979,0.001
8998,0.003
8998,0.003
9043,0.001
9043,0.001
9060,0.001
9069,0.001
9174,0.001
9210,0.001
9215,0.001
9263,0.002
9270,0.001
9272,0.001
9278,0.001
9278,0.001
9278,0.001
9278,0.001
9278,0.001
9278,0.001
9278,0.001
9278,0.001
9280,0.002
9281,0.001
9290,0.003
9294,0.002
9298,0.026
9298,0.026
9298,0.026
9298,0.026
9298,0.026
9298,0.026
9298,0.026
9298,0.026
9298,0.026
9298,0.026
9298,0.026
9298,0.026
9298,0.026
9298,0.026
9298,0.026
9298,0.026
9298,0.026
9298,0.026
9298,0.026
9298,0.026
9324,0.006
9324,0.006
9324,0.006
9324,0.006
9324,0.006
9324,0.006
9373,0.005
9373,0.005
9373,0.005
9373,0.005
9373,0.005
9384,0.002
9384,0.002
9384,0.002
9384,0.002
9384,0.002
9384,0.002
9384,0.002
9384,0.002
9384,0.002
9384,0.002
9424,0.001
9497,0.002
9501,0.001
9505,0.001
9513,0.0
9516,0.001
9522,0.001
9553,0.001
9555,0.003
9555,0.003
9555,0.003
9557,0.001
9565,0.001
9595,0.001
9596,0.001
9606,0.003
9606,0.003
9612,0.001
9666,0.002
9713,0.001
9713,0.001
9726,0.001
9751,0.001
9758,0.001
9829,0.002
9835,0.0
9856,0.001
9859,0.001
9860,0.001
9872,0.002
10034,0.002
10035,0.002
10048,0.003
10048,0.003
10048,0.003
10065,0.001
10082,0.002
10082,0.002
10088,0.001
10105,0.001
10235,0.003
10235,0.003
10235,0.003
10255,0.001
10255,0.001
10255,0.001
10255,0.001
10301,0.002
10301,0.002
10329,0.001
10329,0.001
10331,0.003
10427,0.002
10427,0.002
10438,0.002
10438,0.002
10445,0.001
10498,0.001
10503,0.003
10513,0.004
10513,0.004
10513,0.004
10513,0.004
10515,0.001
10518,0.002
10522,0.002
10555,0.001
10556,0.002
10556,0.002
10556,0.002
10583,0.001
10590,0.002
10590,0.002
10590,0.002
10646,0.001
10658,0.002
10660,0.001
10686,0.0
10687,0.001
10733,0.002
10781,0.001
10782,0.001
10813,0.003
10813,0.003
10814,0.003
10816,0.002
10835,0.005
10835,0.005
10835,0.005
10835,0.005
10835,0.005
10835,0.005
10835,0.005
10871,0.002
10894,0.001
10915,0.002
10915,0.002
10931,0.001
10955,0.003
10955,0.003
10955,0.003
10970,0.001
10970,0.001
11040,0.001
11078,0.003
11078,0.003
11110,0.002
11114,0.002
11128,0.001
11151,0.0
11153,0.003
11153,0.003
11153,0.003
11155,0.006
11155,0.006
11155,0.006
11178,0.004
11178,0.004
11178,0.004
11178,0.004
11183,0.001
11191,0.003
11191,0.003
11191,0.003
11200,0.001
11227,0.002
11249,0.001
11253,0.001
11253,0.001
11253,0.001
11253,0.001
11307,0.002
11429,0.001
11429,0.001
11431,0.001
11477,0.002
11489,0.002
11566,0.001
11566,0.001
11684,0.001
11713,0.002
11724,0.001
11856,0.001
11856,0.001
11857,0.003
11857,0.003
11857,0.003
11857,0.003
11857,0.003
11878,0.002
11880,0.003
11880,0.003
11880,0.003
11884,0.001
11887,0.002
11887,0.002
11904,0.001
11904,0.001
11932,0.001
11932,0.001
11932,0.001
11950,0.001
11956,0.003
11956,0.003
11956,0.003
11956,0.003
11976,0.001
11976,0.001
12062,0.001
12063,0.001
12110,0.002
12110,0.002
12110,0.002
12172,0.002
12186,0.003
12186,0.003
12188,0.001
12188,0.001
12188,0.001
12188,0.001
12193,0.008
12193,0.008
12193,0.008
12193,0.008
12193,0.008
12193,0.008
12193,0.008
12193,0.008
12193,0.008
12193,0.008
12193,0.008
12193,0.008
12193,0.008
12193,0.008
12194,0.021
12194,0.021
12194,0.021
12194,0.021
12194,0.021
12194,0.021
12194,0.021
12194,0.021
12194,0.021
12194,0.021
12194,0.021
12194,0.021
12194,0.021
12194,0.021
12194,0.021
12194,0.021
12194,0.021
12194,0.021
12194,0.021
12194,0.021
12194,0.021
12194,0.021
12194,0.021
12194,0.021
12194,0.021
12198,0.001
12257,0.005
12257,0.005
