t_index,tf-idf
48,0.026
82,0.017
336,0.015
345,0.02
383,0.029
471,0.02
568,0.017
579,0.014
620,0.014
703,0.012
775,0.027
808,0.03
932,0.018
947,0.016
964,0.038
967,0.033
1234,0.112
1240,0.039
1263,0.03
1401,0.03
1510,0.009
1551,0.023
1562,0.031
1691,0.029
1705,0.056
1729,0.016
1859,0.494
1883,0.022
1889,0.024
1892,0.052
1958,0.012
1966,0.026
2018,0.047
2077,0.021
2088,0.027
2169,0.025
2213,0.017
2264,0.029
2546,0.225
2660,0.019
2753,0.02
2783,0.025
2804,0.027
2838,0.019
2993,0.028
3045,0.06
3148,0.056
3176,0.033
3201,0.056
3341,0.043
3343,0.01
3381,0.018
3429,0.025
3523,0.041
3569,0.02
3575,0.019
3661,0.021
3702,0.037
3706,0.062
3868,0.013
3922,0.039
4054,0.02
4057,0.011
4119,0.018
4201,0.02
4263,0.02
4355,0.015
4365,0.064
4384,0.009
4390,0.028
4420,0.017
4425,0.027
4476,0.019
4671,0.016
4672,0.027
4691,0.034
4854,0.033
4872,0.029
4873,0.039
4939,0.013
4945,0.04
5075,0.026
5095,0.026
5179,0.056
5201,0.026
5213,0.136
5263,0.015
5366,0.018
5535,0.052
5716,0.017
5846,0.019
5961,0.018
5971,0.019
6076,0.02
6112,0.017
6124,0.018
6192,0.019
6242,0.016
6371,0.011
6397,0.027
6545,0.023
6671,0.056
6718,0.056
6730,0.017
6752,0.084
6775,0.03
6888,0.112
6904,0.325
6905,0.434
6909,0.011
6918,0.098
6982,0.013
6983,0.027
6998,0.012
7224,0.009
7377,0.056
7433,0.027
7485,0.014
7530,0.034
7548,0.335
7779,0.037
7781,0.028
7790,0.026
7898,0.013
7914,0.024
8097,0.095
8102,0.014
8170,0.012
8223,0.028
8272,0.013
8284,0.032
8295,0.07
8298,0.018
8320,0.026
8364,0.036
8461,0.014
8502,0.013
8508,0.035
8664,0.022
8678,0.07
8708,0.051
8778,0.028
8782,0.047
8827,0.03
8828,0.079
8835,0.019
8881,0.026
8894,0.09
8999,0.112
9043,0.041
9209,0.014
9215,0.023
9278,0.013
9384,0.054
9513,0.01
9516,0.014
9565,0.048
9573,0.05
9574,0.163
9575,0.109
9604,0.056
9735,0.024
9802,0.017
9829,0.033
9856,0.025
9924,0.017
9941,0.013
10002,0.027
10040,0.034
10073,0.024
10085,0.051
10149,0.062
10156,0.014
10255,0.005
10329,0.009
10357,0.015
10397,0.015
10427,0.02
10594,0.027
10686,0.028
10697,0.016
10818,0.017
10894,0.013
10914,0.019
11001,0.01
11014,0.011
11063,0.027
11079,0.018
11151,0.039
11233,0.034
11234,0.029
11566,0.012
11775,0.021
11790,0.019
11804,0.014
11856,0.011
11887,0.019
11904,0.01
11913,0.039
11956,0.018
11976,0.014
12063,0.016
12110,0.024
12188,0.005
12198,0.015
12227,0.034
