t_index,tf-idf
24,0.003
25,0.004
25,0.004
49,0.004
101,0.004
101,0.004
165,0.006
194,0.07
194,0.07
194,0.07
194,0.07
194,0.07
194,0.07
194,0.07
194,0.07
194,0.07
194,0.07
194,0.07
194,0.07
194,0.07
194,0.07
194,0.07
194,0.07
194,0.07
194,0.07
194,0.07
194,0.07
194,0.07
194,0.07
194,0.07
194,0.07
194,0.07
194,0.07
194,0.07
194,0.07
196,0.003
230,0.001
328,0.004
328,0.004
330,0.002
345,0.004
345,0.004
353,0.004
415,0.002
423,0.004
471,0.002
505,0.002
573,0.003
594,0.004
609,0.004
662,0.005
671,0.005
671,0.005
688,0.003
698,0.004
698,0.004
735,0.001
736,0.004
759,0.001
879,0.003
903,0.002
928,0.002
947,0.002
968,0.001
1012,0.002
1018,0.004
1018,0.004
1046,0.002
1109,0.005
1137,0.004
1148,0.003
1230,0.002
1233,0.005
1304,0.004
1350,0.002
1363,0.005
1364,0.003
1384,0.004
1446,0.002
1458,0.006
1528,0.002
1539,0.003
1583,0.002
1693,0.005
1693,0.005
1757,0.003
1833,0.006
1848,0.002
1856,0.005
1924,0.042
1924,0.042
1924,0.042
1924,0.042
1924,0.042
1924,0.042
1924,0.042
1924,0.042
1924,0.042
1924,0.042
1924,0.042
1924,0.042
1924,0.042
1924,0.042
1983,0.003
2066,0.002
2066,0.002
2115,0.002
2138,0.003
2153,0.002
2226,0.004
2252,0.002
2252,0.002
2287,0.004
2304,0.003
2353,0.006
2364,0.004
2367,0.007
2367,0.007
2367,0.007
2367,0.007
2367,0.007
2400,0.004
2449,0.002
2465,0.002
2526,0.002
2615,0.003
2615,0.003
2615,0.003
2615,0.003
2635,0.002
2655,0.002
2667,0.005
2674,0.004
2700,0.005
2700,0.005
2733,0.002
2817,0.002
2826,0.002
2886,0.002
2941,0.006
3004,0.003
3030,0.004
3145,0.003
3153,0.004
3164,0.003
3181,0.002
3252,0.001
3253,0.001
3362,0.004
3401,0.005
3401,0.005
3415,0.004
3422,0.004
3422,0.004
3422,0.004
3422,0.004
3440,0.003
3466,0.004
3500,0.002
3519,0.002
3527,0.002
3569,0.001
3575,0.002
3577,0.002
3664,0.003
3687,0.011
3687,0.011
3687,0.011
3687,0.011
3687,0.011
3698,0.001
3736,0.005
3736,0.005
3736,0.005
3736,0.005
3737,0.003
3796,0.004
3796,0.004
3807,0.002
3853,0.004
3853,0.004
3864,0.003
3864,0.003
3895,0.002
3895,0.002
3895,0.002
3910,0.001
3943,0.002
3952,0.002
3990,0.005
3990,0.005
4033,0.003
4077,0.001
4081,0.001
4133,0.008
4133,0.008
4138,0.003
4146,0.002
4154,0.002
4163,0.003
4193,0.005
4233,0.002
4330,0.004
4330,0.004
4330,0.004
4330,0.004
4341,0.006
4384,0.001
4405,0.003
4405,0.003
4447,0.004
4447,0.004
4488,0.003
4518,0.003
4529,0.003
4554,0.003
4586,0.006
4617,0.003
4648,0.002
4655,0.003
4675,0.006
4684,0.002
4688,0.004
4760,0.004
4825,0.004
4850,0.006
4850,0.006
4875,0.002
4908,0.001
4960,0.003
4962,0.002
4968,0.002
4968,0.002
4978,0.004
5001,0.003
5012,0.005
5019,0.004
5022,0.009
5022,0.009
5104,0.003
5117,0.005
5131,0.006
5147,0.005
5147,0.005
5147,0.005
5302,0.002
5336,0.009
5336,0.009
5336,0.009
5379,0.006
5438,0.002
5669,0.003
5716,0.003
5716,0.003
5757,0.003
5797,0.002
5806,0.001
5890,0.003
5971,0.002
5971,0.002
5971,0.002
5973,0.002
5984,0.004
6044,0.005
6044,0.005
6112,0.002
6124,0.002
6124,0.002
6142,0.002
6213,0.002
6213,0.002
6219,0.003
6287,0.004
6370,0.001
6397,0.003
6397,0.003
6468,0.002
6521,0.002
6531,0.002
6545,0.001
6633,0.003
6666,0.003
6686,0.005
6730,0.002
6762,0.005
6762,0.005
6786,0.002
6880,0.002
6909,0.003
6909,0.003
6909,0.003
6943,0.006
6959,0.007
6959,0.007
6959,0.007
6998,0.002
6998,0.002
7050,0.004
7139,0.002
7160,0.002
7172,0.002
7200,0.004
7201,0.004
7206,0.002
7263,0.003
7263,0.003
7283,0.005
7346,0.005
7347,0.002
7375,0.002
7412,0.003
7451,0.003
7457,0.003
7457,0.003
7457,0.003
7485,0.001
7485,0.001
7499,0.004
7499,0.004
7499,0.004
7499,0.004
7606,0.001
7744,0.006
7744,0.006
7779,0.002
7779,0.002
7807,0.003
7807,0.003
7824,0.002
7917,0.003
7932,0.002
7935,0.004
7941,0.006
7989,0.006
7989,0.006
7991,0.002
8038,0.001
8058,0.003
8058,0.003
8059,0.005
8059,0.005
8093,0.003
8102,0.006
8102,0.006
8102,0.006
8102,0.006
8168,0.002
8193,0.003
8258,0.002
8265,0.004
8275,0.002
8307,0.003
8355,0.004
8429,0.002
8460,0.002
8498,0.005
8504,0.005
8504,0.005
8557,0.006
8557,0.006
8578,0.002
8653,0.003
8653,0.003
8659,0.003
8661,0.005
8661,0.005
8699,0.002
8786,0.004
8841,0.002
8887,0.001
8972,0.002
8972,0.002
9002,0.009
9002,0.009
9043,0.003
9043,0.003
9103,0.002
9126,0.003
9172,0.004
9172,0.004
9177,0.007
9177,0.007
9278,0.003
9278,0.003
9278,0.003
9278,0.003
9278,0.003
9278,0.003
9278,0.003
9278,0.003
9278,0.003
9355,0.005
9384,0.001
9384,0.001
9384,0.001
9409,0.002
9412,0.002
9453,0.006
9494,0.003
9501,0.004
9501,0.004
9501,0.004
9516,0.001
9520,0.002
9533,0.003
9545,0.003
9557,0.002
9600,0.003
9601,0.001
9608,0.002
9652,0.003
9686,0.003
9751,0.002
9785,0.004
9786,0.002
9831,0.003
9835,0.001
9856,0.007
9856,0.007
9856,0.007
9859,0.004
9859,0.004
9860,0.001
9866,0.006
9866,0.006
9873,0.004
9874,0.004
9876,0.004
9886,0.005
9886,0.005
9953,0.005
9953,0.005
9972,0.004
9977,0.004
9996,0.005
10043,0.002
10044,0.005
10044,0.005
10105,0.002
10121,0.007
10121,0.007
10121,0.007
10122,0.002
10140,0.007
10140,0.007
10164,0.002
10180,0.004
10211,0.004
10235,0.003
10235,0.003
10244,0.004
10249,0.002
10287,0.003
10329,0.001
10402,0.003
10427,0.004
10427,0.004
10534,0.005
10534,0.005
10534,0.005
10534,0.005
10535,0.01
10535,0.01
10646,0.003
10694,0.004
10707,0.011
10707,0.011
10755,0.002
10785,0.002
10791,0.004
10810,0.011
10810,0.011
10810,0.011
10810,0.011
10861,0.002
10894,0.004
10894,0.004
10894,0.004
10914,0.002
10924,0.003
10927,0.004
10970,0.002
10970,0.002
10970,0.002
10987,0.006
10990,0.007
10990,0.007
10990,0.007
11001,0.001
11037,0.003
11037,0.003
11070,0.003
11073,0.002
11097,0.002
11138,0.003
11151,0.001
11180,0.005
11234,0.001
11253,0.002
11253,0.002
11253,0.002
11253,0.002
11259,0.004
11398,0.005
11405,0.004
11544,0.003
11613,0.004
11638,0.004
11699,0.002
11755,0.003
11856,0.006
11856,0.006
11856,0.006
11856,0.006
11856,0.006
11856,0.006
11887,0.002
11904,0.003
11904,0.003
11904,0.003
11920,0.003
11932,0.003
11932,0.003
11932,0.003
11932,0.003
11947,0.001
12007,0.002
12030,0.002
12038,0.002
12043,0.003
12054,0.002
12101,0.002
12101,0.002
12116,0.004
12133,0.006
12188,0.005
12188,0.005
12188,0.005
12188,0.005
12188,0.005
12188,0.005
12188,0.005
12188,0.005
12188,0.005
12188,0.005
12200,0.003
12214,0.002
