t_index,tf-idf
130,0.015
225,0.013
367,0.007
487,0.016
509,0.018
716,0.021
1203,0.02
1459,0.02
1539,0.021
1746,0.034
1746,0.034
1746,0.034
1923,0.023
1945,0.009
2096,0.018
2273,0.014
2367,0.011
2662,0.012
2753,0.016
3300,0.023
3530,0.023
4123,0.029
4840,0.011
5263,0.012
5305,0.016
5479,0.02
6397,0.011
6591,0.016
7172,0.014
7408,0.019
7763,0.016
7893,0.024
8044,0.019
8044,0.019
8144,0.093
8144,0.093
8144,0.093
8144,0.093
8144,0.093
8211,0.024
8270,0.005
8310,0.013
8463,0.036
8463,0.036
8617,0.02
8818,0.026
8818,0.026
9215,0.01
9233,0.014
9234,0.026
9234,0.026
9384,0.008
9384,0.008
9505,0.017
9563,0.016
9835,0.008
10122,0.02
10508,0.016
10762,0.021
11050,0.019
11151,0.008
11256,0.025
11559,0.03
11775,0.017
11931,0.012
12188,0.004
