t_index,tf-idf
66,0.002
206,0.002
206,0.002
269,0.009
269,0.009
269,0.009
323,0.003
323,0.003
345,0.005
345,0.005
345,0.005
367,0.002
367,0.002
383,0.003
383,0.003
441,0.003
470,0.002
487,0.002
488,0.001
539,0.001
563,0.001
568,0.001
634,0.002
669,0.002
703,0.002
703,0.002
712,0.004
727,0.002
808,0.003
903,0.002
928,0.003
928,0.003
932,0.002
954,0.001
964,0.007
964,0.007
964,0.007
964,0.007
968,0.002
968,0.002
993,0.003
1002,0.003
1046,0.002
1063,0.004
1078,0.003
1131,0.004
1138,0.002
1235,0.015
1235,0.015
1235,0.015
1235,0.015
1235,0.015
1236,0.004
1456,0.002
1469,0.002
1510,0.001
1528,0.002
1562,0.001
1685,0.001
1689,0.002
1858,0.004
1876,0.004
1916,0.004
1916,0.004
1916,0.004
1958,0.001
2039,0.002
2085,0.002
2091,0.002
2093,0.004
2093,0.004
2138,0.003
2147,0.002
2160,0.002
2169,0.007
2169,0.007
2169,0.007
2198,0.005
2221,0.004
2224,0.003
2272,0.004
2273,0.002
2275,0.003
2323,0.002
2336,0.005
2358,0.003
2358,0.003
2358,0.003
2358,0.003
2381,0.004
2439,0.002
2440,0.002
2445,0.002
2450,0.004
2451,0.006
2451,0.006
2470,0.005
2499,0.004
2510,0.002
2563,0.001
2619,0.003
2641,0.002
2641,0.002
2664,0.002
2690,0.001
2744,0.005
2748,0.005
2748,0.005
2748,0.005
2773,0.003
2789,0.003
2799,0.003
2813,0.001
2814,0.003
2817,0.002
2862,0.003
2880,0.001
2917,0.003
2918,0.002
2985,0.007
2985,0.007
2993,0.002
2996,0.004
3043,0.003
3044,0.005
3044,0.005
3087,0.002
3098,0.002
3145,0.003
3236,0.003
3252,0.001
3256,0.003
3263,0.002
3283,0.002
3284,0.004
3284,0.004
3312,0.004
3312,0.004
3314,0.001
3343,0.001
3371,0.002
3375,0.004
3422,0.002
3422,0.002
3429,0.009
3429,0.009
3429,0.009
3429,0.009
3454,0.004
3475,0.004
3523,0.002
3542,0.005
3558,0.002
3559,0.002
3565,0.008
3565,0.008
3569,0.004
3569,0.004
3569,0.004
3569,0.004
3584,0.003
3587,0.001
3589,0.004
3590,0.005
3599,0.005
3626,0.003
3639,0.001
3656,0.004
3698,0.001
3702,0.003
3702,0.003
3726,0.002
3742,0.001
3752,0.003
3758,0.004
3844,0.004
3844,0.004
3855,0.002
3859,0.004
3859,0.004
3864,0.001
3868,0.001
3895,0.001
3990,0.002
3993,0.003
4025,0.002
4025,0.002
4054,0.002
4136,0.004
4146,0.002
4227,0.004
4297,0.004
4384,0.001
4425,0.001
4463,0.004
4477,0.005
4477,0.005
4504,0.003
4610,0.002
4728,0.003
4835,0.004
4840,0.001
4844,0.002
4872,0.003
4873,0.003
4873,0.003
4876,0.004
4908,0.002
4908,0.002
4980,0.002
5014,0.007
5014,0.007
5018,0.003
5018,0.003
5058,0.005
5080,0.003
5088,0.002
5108,0.005
5135,0.004
5166,0.003
5190,0.001
5202,0.008
5202,0.008
5202,0.008
5209,0.003
5213,0.002
5219,0.002
5275,0.002
5318,0.004
5338,0.012
5338,0.012
5338,0.012
5338,0.012
5338,0.012
5434,0.007
5434,0.007
5434,0.007
5594,0.006
5594,0.006
5796,0.009
5796,0.009
5839,0.016
5839,0.016
5839,0.016
5839,0.016
5839,0.016
5839,0.016
5839,0.016
5846,0.003
5846,0.003
5934,0.002
5947,0.003
5961,0.002
5971,0.003
5971,0.003
5971,0.003
5971,0.003
5971,0.003
5973,0.004
5973,0.004
5973,0.004
6028,0.001
6030,0.001
6098,0.003
6117,0.002
6124,0.001
6211,0.002
6213,0.009
6213,0.009
6213,0.009
6213,0.009
6213,0.009
6213,0.009
6213,0.009
6213,0.009
6214,0.002
6239,0.002
6242,0.004
6242,0.004
6242,0.004
6260,0.003
6262,0.003
6321,0.002
6321,0.002
6397,0.003
6397,0.003
6397,0.003
6407,0.003
6413,0.003
6413,0.003
6413,0.003
6413,0.003
6545,0.001
6623,0.004
6633,0.003
6642,0.003
6666,0.003
6736,0.001
6752,0.028
6752,0.028
6752,0.028
6752,0.028
6752,0.028
6752,0.028
6752,0.028
6752,0.028
6752,0.028
6752,0.028
6752,0.028
6752,0.028
6752,0.028
6752,0.028
6752,0.028
6752,0.028
6752,0.028
6752,0.028
6752,0.028
6856,0.003
6891,0.002
6905,0.003
6909,0.001
6971,0.004
6998,0.001
7026,0.003
7057,0.008
7057,0.008
7057,0.008
7057,0.008
7074,0.018
7074,0.018
7074,0.018
7074,0.018
7130,0.001
7132,0.003
7135,0.007
7135,0.007
7135,0.007
7154,0.004
7182,0.002
7207,0.003
7208,0.002
7211,0.001
7309,0.003
7327,0.002
7347,0.002
7401,0.002
7432,0.002
7438,0.002
7457,0.002
7457,0.002
7485,0.002
7485,0.002
7485,0.002
7485,0.002
7507,0.002
7508,0.001
7513,0.002
7562,0.002
7562,0.002
7565,0.008
7565,0.008
7586,0.004
7593,0.004
7606,0.001
7672,0.003
7764,0.002
7772,0.002
7781,0.001
7807,0.003
7807,0.003
7898,0.003
7898,0.003
7898,0.003
7898,0.003
7898,0.003
7898,0.003
7931,0.003
7997,0.002
8078,0.005
8112,0.002
8112,0.002
8117,0.002
8117,0.002
8122,0.002
8139,0.003
8162,0.006
8162,0.006
8170,0.001
8175,0.003
8195,0.003
8198,0.003
8198,0.003
8198,0.003
8198,0.003
8228,0.004
8272,0.001
8326,0.002
8367,0.011
8367,0.011
8367,0.011
8367,0.011
8385,0.003
8386,0.003
8399,0.004
8399,0.004
8443,0.004
8456,0.003
8591,0.004
8625,0.003
8661,0.002
8666,0.003
8696,0.004
8699,0.001
8721,0.002
8722,0.002
8737,0.005
8756,0.004
8756,0.004
8762,0.002
8802,0.005
8835,0.001
8838,0.002
8848,0.003
8881,0.005
8881,0.005
8889,0.002
8918,0.004
8919,0.002
8923,0.003
8925,0.003
8953,0.003
9088,0.003
9207,0.002
9209,0.006
9209,0.006
9209,0.006
9209,0.006
9209,0.006
9210,0.002
9215,0.001
9227,0.005
9238,0.004
9327,0.002
9383,0.003
9383,0.003
9384,0.002
9384,0.002
9384,0.002
9384,0.002
9384,0.002
9505,0.002
9518,0.002
9520,0.007
9520,0.007
9520,0.007
9520,0.007
9520,0.007
9521,0.004
9522,0.003
9522,0.003
9533,0.002
9573,0.024
9573,0.024
9573,0.024
9573,0.024
9573,0.024
9573,0.024
9573,0.024
9573,0.024
9573,0.024
9573,0.024
9573,0.024
9574,0.014
9574,0.014
9574,0.014
9574,0.014
9574,0.014
9574,0.014
9574,0.014
9574,0.014
9575,0.017
9575,0.017
9575,0.017
9575,0.017
9575,0.017
9575,0.017
9575,0.017
9575,0.017
9575,0.017
9771,0.003
9889,0.004
9918,0.003
9923,0.004
9924,0.002
9926,0.003
10002,0.002
10003,0.005
10003,0.005
10048,0.002
10065,0.002
10117,0.004
10135,0.004
10202,0.005
10224,0.004
10249,0.001
10255,0.001
10255,0.001
10322,0.003
10329,0.001
10333,0.003
10366,0.002
10376,0.004
10397,0.003
10397,0.003
10398,0.003
10432,0.003
10468,0.005
10496,0.005
10496,0.005
10497,0.006
10497,0.006
10497,0.006
10508,0.002
10515,0.002
10529,0.004
10560,0.003
10583,0.003
10583,0.003
10595,0.009
10595,0.009
10595,0.009
10623,0.002
10672,0.006
10672,0.006
10686,0.001
10697,0.001
10762,0.002
10782,0.003
10782,0.003
10804,0.003
10914,0.002
10915,0.004
10915,0.004
10915,0.004
10922,0.001
10931,0.002
10945,0.002
10945,0.002
10954,0.004
10970,0.001
11001,0.001
11005,0.002
11076,0.002
11092,0.003
11159,0.003
11230,0.009
11230,0.009
11234,0.008
11234,0.008
11234,0.008
11234,0.008
11234,0.008
11234,0.008
11272,0.003
11286,0.005
11306,0.005
11342,0.004
11356,0.002
11375,0.005
11429,0.001
11464,0.003
11542,0.005
11566,0.001
11628,0.005
11665,0.003
11666,0.004
11741,0.002
11742,0.005
11742,0.005
11756,0.01
11756,0.01
11756,0.01
11790,0.002
11804,0.003
11804,0.003
11826,0.003
11857,0.011
11857,0.011
11857,0.011
11857,0.011
11857,0.011
11857,0.011
11857,0.011
11857,0.011
11857,0.011
11884,0.001
11904,0.002
11904,0.002
11918,0.002
11956,0.003
11956,0.003
12002,0.002
12030,0.001
12110,0.002
12110,0.002
12188,0.002
12188,0.002
12188,0.002
12188,0.002
12188,0.002
12227,0.008
12227,0.008
12227,0.008
12227,0.008
12227,0.008
