t_index,tf-idf
10,0.002
14,0.001
49,0.002
67,0.001
69,0.002
71,0.001
79,0.002
88,0.002
88,0.002
93,0.002
101,0.003
101,0.003
101,0.003
101,0.003
102,0.001
109,0.001
117,0.001
117,0.001
139,0.001
152,0.002
156,0.002
175,0.005
175,0.005
175,0.005
175,0.005
175,0.005
197,0.001
199,0.001
206,0.002
206,0.002
206,0.002
211,0.001
228,0.002
230,0.001
230,0.001
270,0.002
294,0.004
294,0.004
296,0.002
296,0.002
313,0.001
318,0.004
318,0.004
319,0.002
319,0.002
320,0.002
323,0.001
323,0.001
330,0.001
330,0.001
336,0.001
337,0.001
337,0.001
345,0.001
366,0.004
366,0.004
366,0.004
366,0.004
366,0.004
367,0.001
367,0.001
367,0.001
367,0.001
383,0.004
383,0.004
383,0.004
383,0.004
383,0.004
383,0.004
403,0.002
404,0.001
422,0.001
426,0.002
442,0.001
448,0.0
452,0.002
456,0.002
456,0.002
471,0.001
478,0.002
485,0.001
488,0.001
488,0.001
500,0.001
513,0.006
513,0.006
513,0.006
513,0.006
513,0.006
513,0.006
514,0.007
514,0.007
514,0.007
515,0.009
515,0.009
515,0.009
515,0.009
515,0.009
515,0.009
515,0.009
515,0.009
515,0.009
515,0.009
516,0.003
516,0.003
516,0.003
524,0.002
539,0.001
563,0.003
563,0.003
563,0.003
563,0.003
563,0.003
579,0.001
579,0.001
586,0.001
586,0.001
620,0.002
620,0.002
620,0.002
626,0.001
638,0.001
652,0.002
666,0.001
666,0.001
666,0.001
678,0.002
685,0.002
695,0.002
703,0.0
735,0.001
735,0.001
738,0.002
742,0.002
744,0.002
759,0.001
759,0.001
759,0.001
844,0.001
852,0.001
857,0.002
877,0.001
877,0.001
910,0.002
920,0.001
928,0.002
928,0.002
932,0.001
932,0.001
936,0.002
945,0.001
954,0.001
967,0.004
967,0.004
967,0.004
1012,0.002
1012,0.002
1018,0.001
1048,0.001
1059,0.001
1062,0.025
1062,0.025
1062,0.025
1062,0.025
1062,0.025
1062,0.025
1062,0.025
1062,0.025
1062,0.025
1062,0.025
1062,0.025
1062,0.025
1062,0.025
1062,0.025
1062,0.025
1062,0.025
1062,0.025
1062,0.025
1062,0.025
1062,0.025
1062,0.025
1062,0.025
1062,0.025
1062,0.025
1062,0.025
1062,0.025
1062,0.025
1062,0.025
1062,0.025
1062,0.025
1089,0.001
1095,0.001
1140,0.002
1156,0.002
1193,0.002
1193,0.002
1193,0.002
1193,0.002
1193,0.002
1220,0.004
1220,0.004
1220,0.004
1220,0.004
1246,0.002
1262,0.002
1262,0.002
1281,0.002
1305,0.003
1305,0.003
1318,0.001
1340,0.001
1341,0.001
1343,0.001
1361,0.002
1361,0.002
1362,0.001
1363,0.002
1404,0.001
1420,0.002
1454,0.002
1510,0.001
1510,0.001
1510,0.001
1510,0.001
1528,0.002
1528,0.002
1545,0.002
1558,0.001
1562,0.001
1562,0.001
1625,0.001
1685,0.006
1685,0.006
1685,0.006
1685,0.006
1685,0.006
1685,0.006
1685,0.006
1685,0.006
1685,0.006
1689,0.001
1691,0.001
1716,0.002
1716,0.002
1729,0.001
1732,0.001
1759,0.002
1768,0.002
1801,0.001
1805,0.001
1825,0.001
1845,0.002
1845,0.002
1850,0.002
1892,0.001
1896,0.002
1905,0.001
1913,0.003
1913,0.003
1916,0.001
1926,0.002
1958,0.0
2019,0.002
2028,0.001
2028,0.001
2028,0.001
2054,0.001
2066,0.001
2066,0.001
2072,0.001
2096,0.001
2097,0.002
2125,0.001
2137,0.002
2139,0.003
2139,0.003
2207,0.002
2230,0.002
2232,0.001
2264,0.002
2264,0.002
2264,0.002
2264,0.002
2271,0.002
2275,0.001
2294,0.002
2322,0.002
2323,0.001
2355,0.002
2358,0.001
2358,0.001
2367,0.001
2497,0.001
2511,0.002
2526,0.001
2535,0.002
2550,0.002
2567,0.03
2567,0.03
2567,0.03
2567,0.03
2567,0.03
2567,0.03
2567,0.03
2567,0.03
2567,0.03
2567,0.03
2567,0.03
2567,0.03
2567,0.03
2581,0.002
2581,0.002
2590,0.002
2592,0.001
2595,0.002
2614,0.001
2615,0.0
2641,0.001
2664,0.001
2677,0.002
2679,0.003
2679,0.003
2679,0.003
2724,0.001
2733,0.001
2734,0.002
2741,0.001
2753,0.001
2790,0.002
2794,0.01
2794,0.01
2794,0.01
2794,0.01
2794,0.01
2794,0.01
2794,0.01
2794,0.01
2794,0.01
2799,0.001
2813,0.001
2880,0.001
2885,0.001
2918,0.001
2921,0.003
2921,0.003
2921,0.003
2949,0.002
2961,0.001
2969,0.001
2979,0.002
2993,0.001
3004,0.001
3010,0.002
3010,0.002
3084,0.005
3084,0.005
3138,0.001
3138,0.001
3165,0.001
3176,0.001
3227,0.001
3228,0.002
3252,0.001
3253,0.001
3253,0.001
3268,0.001
3268,0.001
3291,0.001
3298,0.001
3306,0.001
3312,0.002
3312,0.002
3329,0.001
3345,0.001
3372,0.001
3380,0.003
3380,0.003
3397,0.007
3397,0.007
3397,0.007
3413,0.001
3420,0.001
3422,0.0
3429,0.003
3429,0.003
3429,0.003
3440,0.001
3452,0.001
3452,0.001
3500,0.001
3523,0.001
3535,0.002
3536,0.001
3559,0.001
3569,0.003
3569,0.003
3569,0.003
3569,0.003
3569,0.003
3569,0.003
3569,0.003
3573,0.001
3583,0.001
3584,0.001
3587,0.001
3587,0.001
3608,0.001
3648,0.001
3655,0.001
3698,0.001
3698,0.001
3709,0.001
3723,0.002
3736,0.001
3742,0.002
3742,0.002
3742,0.002
3759,0.002
3774,0.001
3780,0.002
3780,0.002
3780,0.002
3782,0.001
3854,0.001
3868,0.001
3871,0.003
3871,0.003
3880,0.001
3895,0.0
3904,0.001
3910,0.002
3910,0.002
3910,0.002
3925,0.002
3975,0.002
4002,0.001
4002,0.001
4006,0.002
4025,0.0
4054,0.003
4054,0.003
4054,0.003
4054,0.003
4064,0.003
4064,0.003
4081,0.0
4119,0.001
4153,0.002
4155,0.002
4193,0.002
4260,0.003
4260,0.003
4309,0.002
4356,0.001
4378,0.002
4384,0.001
4384,0.001
4384,0.001
4388,0.002
4388,0.002
4425,0.004
4425,0.004
4425,0.004
4425,0.004
4425,0.004
4425,0.004
4425,0.004
4425,0.004
4425,0.004
4425,0.004
4428,0.002
4437,0.002
4476,0.002
4476,0.002
4476,0.002
4507,0.002
4521,0.001
4526,0.001
4544,0.003
4544,0.003
4544,0.003
4544,0.003
4574,0.002
4574,0.002
4603,0.002
4604,0.002
4680,0.001
4688,0.002
4691,0.001
4744,0.001
4750,0.001
4754,0.001
4761,0.002
4763,0.001
4767,0.001
4775,0.002
4775,0.002
4837,0.002
4837,0.002
4840,0.002
4840,0.002
4840,0.002
4840,0.002
4873,0.001
4900,0.001
4902,0.002
4908,0.002
4908,0.002
4908,0.002
4908,0.002
4927,0.002
4955,0.001
4972,0.0
5014,0.002
5018,0.001
5079,0.002
5079,0.002
5080,0.002
5115,0.001
5122,0.002
5141,0.002
5150,0.001
5190,0.0
5198,0.002
5206,0.002
5230,0.002
5231,0.002
5259,0.001
5272,0.002
5275,0.001
5302,0.001
5305,0.001
5333,0.001
5345,0.001
5354,0.001
5358,0.001
5366,0.004
5366,0.004
5366,0.004
5366,0.004
5366,0.004
5390,0.0
5403,0.001
5409,0.001
5426,0.015
5426,0.015
5426,0.015
5426,0.015
5426,0.015
5426,0.015
5426,0.015
5426,0.015
5426,0.015
5426,0.015
5426,0.015
5426,0.015
5426,0.015
5426,0.015
5426,0.015
5426,0.015
5437,0.002
5437,0.002
5479,0.001
5551,0.004
5551,0.004
5631,0.001
5645,0.001
5651,0.001
5673,0.004
5673,0.004
5698,0.002
5766,0.001
5766,0.001
5771,0.001
5771,0.001
5806,0.001
5806,0.001
5806,0.001
5808,0.001
5809,0.001
5809,0.001
5831,0.006
5831,0.006
5831,0.006
5901,0.001
5905,0.019
5905,0.019
5905,0.019
5905,0.019
5905,0.019
5905,0.019
5905,0.019
5905,0.019
5905,0.019
5905,0.019
5905,0.019
5905,0.019
5905,0.019
5905,0.019
5905,0.019
5905,0.019
5905,0.019
5905,0.019
5905,0.019
5905,0.019
5905,0.019
5905,0.019
5905,0.019
5934,0.002
5934,0.002
5947,0.002
5947,0.002
5961,0.001
5964,0.001
5971,0.0
5976,0.001
6019,0.003
6019,0.003
6019,0.003
6019,0.003
6019,0.003
6019,0.003
6028,0.001
6028,0.001
6041,0.0
6096,0.002
6103,0.002
6104,0.004
6104,0.004
6105,0.001
6112,0.001
6112,0.001
6116,0.002
6142,0.001
6148,0.002
6148,0.002
6171,0.001
6171,0.001
6178,0.002
6211,0.001
6212,0.002
6213,0.002
6213,0.002
6213,0.002
6213,0.002
6220,0.002
6220,0.002
6220,0.002
6249,0.002
6321,0.0
6371,0.001
6371,0.001
6376,0.002
6377,0.002
6397,0.003
6397,0.003
6397,0.003
6397,0.003
6397,0.003
6413,0.001
6413,0.001
6420,0.001
6545,0.0
6577,0.002
6577,0.002
6584,0.002
6599,0.001
6599,0.001
6627,0.002
6627,0.002
6627,0.002
6628,0.002
6634,0.002
6634,0.002
6659,0.001
6666,0.001
6692,0.001
6692,0.001
6730,0.003
6730,0.003
6730,0.003
6730,0.003
6730,0.003
6733,0.007
6733,0.007
6733,0.007
6733,0.007
6733,0.007
6733,0.007
6734,0.002
6736,0.0
6749,0.001
6749,0.001
6762,0.001
6786,0.001
6827,0.001
6863,0.001
6909,0.001
6909,0.001
6909,0.001
6918,0.001
6952,0.003
6952,0.003
6955,0.001
6973,0.002
6973,0.002
6974,0.002
6974,0.002
6982,0.002
6982,0.002
6982,0.002
6983,0.003
6983,0.003
6983,0.003
6998,0.0
6999,0.001
7004,0.002
7010,0.005
7010,0.005
7010,0.005
7038,0.028
7038,0.028
7038,0.028
7038,0.028
7038,0.028
7038,0.028
7038,0.028
7038,0.028
7038,0.028
7038,0.028
7038,0.028
7038,0.028
7055,0.001
7057,0.005
7057,0.005
7057,0.005
7057,0.005
7057,0.005
7104,0.001
7117,0.001
7118,0.002
7130,0.002
7130,0.002
7130,0.002
7130,0.002
7139,0.001
7158,0.001
7160,0.001
7208,0.002
7208,0.002
7214,0.0
7229,0.003
7229,0.003
7229,0.003
7295,0.001
7331,0.002
7333,0.004
7333,0.004
7333,0.004
7333,0.004
7347,0.002
7347,0.002
7376,0.001
7415,0.001
7416,0.002
7416,0.002
7419,0.001
7432,0.001
7434,0.001
7434,0.001
7434,0.001
7434,0.001
7438,0.001
7446,0.002
7446,0.002
7457,0.002
7457,0.002
7457,0.002
7457,0.002
7459,0.009
7459,0.009
7459,0.009
7459,0.009
7459,0.009
7459,0.009
7475,0.002
7485,0.002
7485,0.002
7485,0.002
7485,0.002
7485,0.002
7485,0.002
7485,0.002
7485,0.002
7485,0.002
7485,0.002
7499,0.001
7499,0.001
7500,0.001
7501,0.001
7543,0.002
7551,0.001
7559,0.002
7562,0.001
7606,0.003
7606,0.003
7606,0.003
7606,0.003
7606,0.003
7693,0.002
7722,0.002
7724,0.002
7779,0.001
7779,0.001
7779,0.001
7785,0.002
7785,0.002
7804,0.002
7806,0.002
7807,0.001
7839,0.002
7857,0.002
7857,0.002
7888,0.002
7898,0.001
7898,0.001
7898,0.001
7932,0.002
7932,0.002
7986,0.001
8004,0.002
8019,0.002
8038,0.001
8043,0.002
8085,0.001
8086,0.002
8102,0.001
8102,0.001
8139,0.001
8156,0.002
8168,0.001
8170,0.001
8185,0.002
8185,0.002
8198,0.001
8198,0.001
8219,0.003
8219,0.003
8225,0.002
8258,0.001
8266,0.001
8270,0.0
8275,0.001
8322,0.001
8330,0.001
8333,0.001
8366,0.002
8374,0.004
8374,0.004
8399,0.001
8403,0.001
8419,0.001
8422,0.001
8446,0.002
8451,0.002
8452,0.002
8456,0.003
8456,0.003
8489,0.001
8497,0.007
8497,0.007
8497,0.007
8502,0.001
8510,0.001
8517,0.001
8546,0.001
8604,0.001
8607,0.001
8613,0.001
8617,0.002
8617,0.002
8653,0.001
8699,0.001
8699,0.001
8715,0.002
8778,0.002
8778,0.002
8782,0.002
8782,0.002
8782,0.002
8788,0.001
8812,0.001
8816,0.002
8827,0.004
8827,0.004
8827,0.004
8884,0.001
8887,0.001
8887,0.001
8887,0.001
8889,0.001
8910,0.001
8931,0.001
8945,0.001
8967,0.001
8972,0.001
8972,0.001
8982,0.002
8985,0.001
9020,0.001
9039,0.003
9039,0.003
9058,0.001
9067,0.002
9092,0.003
9092,0.003
9142,0.001
9209,0.001
9215,0.0
9260,0.005
9260,0.005
9272,0.001
9278,0.002
9278,0.002
9278,0.002
9278,0.002
9278,0.002
9278,0.002
9278,0.002
9278,0.002
9278,0.002
9278,0.002
9278,0.002
9278,0.002
9278,0.002
9278,0.002
9278,0.002
9289,0.009
9289,0.009
9289,0.009
9289,0.009
9291,0.002
9298,0.007
9298,0.007
9298,0.007
9298,0.007
9298,0.007
9298,0.007
9325,0.005
9325,0.005
9325,0.005
9328,0.004
9328,0.004
9329,0.002
9363,0.002
9373,0.009
9373,0.009
9373,0.009
9373,0.009
9373,0.009
9373,0.009
9373,0.009
9373,0.009
9373,0.009
9373,0.009
9373,0.009
9383,0.001
9384,0.003
9384,0.003
9384,0.003
9384,0.003
9384,0.003
9384,0.003
9384,0.003
9384,0.003
9384,0.003
9384,0.003
9384,0.003
9384,0.003
9384,0.003
9384,0.003
9422,0.005
9422,0.005
9422,0.005
9424,0.002
9424,0.002
9443,0.002
9461,0.001
9505,0.001
9513,0.0
9518,0.002
9518,0.002
9519,0.002
9520,0.001
9520,0.001
9547,0.002
9555,0.001
9562,0.001
9589,0.001
9591,0.002
9601,0.002
9601,0.002
9601,0.002
9612,0.0
9638,0.014
9638,0.014
9638,0.014
9638,0.014
9638,0.014
9638,0.014
9666,0.001
9687,0.037
9687,0.037
9687,0.037
9687,0.037
9687,0.037
9687,0.037
9687,0.037
9687,0.037
9687,0.037
9687,0.037
9687,0.037
9687,0.037
9687,0.037
9687,0.037
9687,0.037
9687,0.037
9687,0.037
9687,0.037
9687,0.037
9687,0.037
9687,0.037
9732,0.001
9750,0.001
9751,0.001
9758,0.001
9758,0.001
9760,0.001
9769,0.002
9777,0.002
9786,0.001
9802,0.001
9802,0.001
9827,0.002
9835,0.0
9915,0.001
9941,0.001
9969,0.002
10035,0.002
10043,0.001
10044,0.002
10044,0.002
10046,0.003
10046,0.003
10082,0.001
10105,0.001
10130,0.002
10130,0.002
10133,0.002
10133,0.002
10154,0.001
10173,0.002
10175,0.001
10177,0.001
10192,0.001
10255,0.001
10255,0.001
10255,0.001
10255,0.001
10255,0.001
10255,0.001
10255,0.001
10271,0.001
10271,0.001
10285,0.001
10329,0.002
10329,0.002
10329,0.002
10329,0.002
10329,0.002
10333,0.001
10383,0.003
10383,0.003
10402,0.001
10409,0.002
10411,0.002
10445,0.007
10445,0.007
10445,0.007
10445,0.007
10445,0.007
10445,0.007
10445,0.007
10446,0.004
10446,0.004
10446,0.004
10446,0.004
10502,0.003
10502,0.003
10529,0.003
10529,0.003
10531,0.001
10565,0.001
10582,0.001
10590,0.001
10651,0.002
10686,0.001
10686,0.001
10695,0.005
10695,0.005
10697,0.001
10718,0.001
10751,0.006
10751,0.006
10751,0.006
10751,0.006
10753,0.001
10782,0.001
10785,0.001
10811,0.001
10818,0.001
10823,0.002
10835,0.003
10835,0.003
10835,0.003
10835,0.003
10835,0.003
10835,0.003
10871,0.002
10893,0.001
10913,0.001
10914,0.002
10914,0.002
10915,0.001
10915,0.001
10922,0.002
10922,0.002
10922,0.002
10922,0.002
10931,0.001
10959,0.001
10960,0.002
10963,0.002
10970,0.001
10970,0.001
10970,0.001
10970,0.001
10983,0.001
10990,0.002
10990,0.002
11005,0.001
11014,0.0
11016,0.001
11076,0.001
11090,0.002
11090,0.002
11097,0.004
11097,0.004
11097,0.004
11097,0.004
11128,0.001
11136,0.001
11141,0.001
11155,0.015
11155,0.015
11155,0.015
11155,0.015
11155,0.015
11155,0.015
11155,0.015
11155,0.015
11155,0.015
11155,0.015
11158,0.002
11167,0.002
11167,0.002
11202,0.001
11230,0.002
11234,0.002
11234,0.002
11234,0.002
11236,0.002
11249,0.001
11253,0.001
11253,0.001
11253,0.001
11253,0.001
11310,0.002
11429,0.002
11429,0.002
11429,0.002
11429,0.002
11429,0.002
11429,0.002
11429,0.002
11538,0.001
11566,0.001
11566,0.001
11629,0.001
11641,0.002
11641,0.002
11675,0.001
11702,0.001
11709,0.002
11709,0.002
11711,0.002
11724,0.003
11724,0.003
11724,0.003
11750,0.001
11757,0.001
11758,0.009
11758,0.009
11758,0.009
11758,0.009
11758,0.009
11766,0.002
11786,0.001
11804,0.001
11806,0.002
11806,0.002
11824,0.002
11828,0.002
11848,0.002
11848,0.002
11853,0.001
11856,0.0
11857,0.001
11864,0.002
11872,0.001
11882,0.002
11887,0.001
11901,0.001
11904,0.002
11904,0.002
11904,0.002
11904,0.002
11904,0.002
11918,0.004
11918,0.004
11918,0.004
11918,0.004
11918,0.004
11920,0.001
11932,0.001
11932,0.001
11947,0.0
11950,0.001
11956,0.007
11956,0.007
11956,0.007
11956,0.007
11956,0.007
11956,0.007
11956,0.007
11956,0.007
11956,0.007
11968,0.002
11974,0.002
11976,0.001
11976,0.001
11988,0.001
11988,0.001
12063,0.002
12063,0.002
12063,0.002
12081,0.001
12099,0.001
12101,0.0
12110,0.003
12110,0.003
12110,0.003
12110,0.003
12110,0.003
12110,0.003
12145,0.002
12188,0.003
12188,0.003
12188,0.003
12188,0.003
12188,0.003
12188,0.003
12188,0.003
12188,0.003
12188,0.003
12188,0.003
12188,0.003
12188,0.003
12188,0.003
12193,0.008
12193,0.008
12193,0.008
12193,0.008
12193,0.008
12193,0.008
12193,0.008
12193,0.008
12193,0.008
12193,0.008
12193,0.008
12193,0.008
12193,0.008
12193,0.008
12193,0.008
12193,0.008
12193,0.008
12194,0.008
12194,0.008
12194,0.008
12194,0.008
12194,0.008
12194,0.008
12194,0.008
12194,0.008
12194,0.008
12194,0.008
12194,0.008
12198,0.001
12214,0.001
12244,0.002
