t_index,tf-idf
55,0.024
66,0.014
83,0.042
102,0.055
104,0.017
135,0.022
156,0.034
183,0.024
197,0.015
210,0.018
230,0.012
243,0.042
280,0.034
319,0.017
323,0.028
330,0.015
336,0.013
337,0.011
383,0.012
448,0.009
488,0.011
495,0.027
497,0.018
544,0.021
568,0.028
620,0.023
634,0.029
703,0.029
704,0.024
727,0.019
729,0.031
759,0.007
775,0.022
801,0.026
826,0.025
868,0.023
923,0.024
928,0.016
932,0.015
968,0.009
1012,0.016
1018,0.015
1130,0.037
1162,0.019
1193,0.01
1212,0.025
1221,0.039
1296,0.015
1343,0.029
1344,0.019
1362,0.015
1399,0.036
1446,0.042
1510,0.007
1516,0.022
1525,0.039
1545,0.042
1565,0.046
1650,0.021
1681,0.042
1682,0.083
1729,0.013
1733,0.023
1746,0.011
1775,0.042
1801,0.011
1913,0.025
1982,0.021
1986,0.046
2066,0.009
2086,0.017
2093,0.019
2096,0.018
2110,0.037
2130,0.028
2167,0.015
2200,0.042
2213,0.014
2214,0.024
2219,0.029
2264,0.024
2366,0.019
2377,0.073
2413,0.02
2440,0.017
2445,0.02
2468,0.026
2477,0.026
2510,0.04
2600,0.046
2615,0.011
2641,0.011
2650,0.021
2651,0.017
2710,0.037
2741,0.017
2742,0.035
2747,0.037
2748,0.033
2768,0.023
2799,0.028
2807,0.015
2908,0.042
2923,0.031
2928,0.03
2960,0.033
3029,0.034
3062,0.231
3072,0.046
3134,0.024
3150,0.033
3176,0.028
3266,0.025
3280,0.046
3298,0.223
3314,0.012
3343,0.033
3372,0.02
3408,0.034
3409,0.027
3410,0.061
3432,0.048
3451,0.024
3461,0.023
3527,0.036
3536,0.028
3569,0.041
3577,0.016
3582,0.02
3583,0.053
3592,0.039
3698,0.035
3702,0.015
3736,0.011
3774,0.021
3782,0.015
3795,0.029
3807,0.017
3880,0.028
3895,0.03
4002,0.011
4004,0.039
4049,0.033
4081,0.009
4095,0.042
4119,0.015
4150,0.026
4178,0.029
4201,0.017
4263,0.017
4294,0.021
4330,0.009
4375,0.046
4384,0.007
4405,0.011
4411,0.046
4425,0.023
4542,0.026
4655,0.022
4658,0.036
4671,0.027
4684,0.017
4702,0.046
4730,0.033
4744,0.011
4798,0.017
4873,0.016
4924,0.029
4926,0.036
5162,0.019
5194,0.046
5213,0.048
5259,0.021
5275,0.033
5298,0.046
5308,0.03
5319,0.018
5322,0.057
5366,0.015
5396,0.025
5573,0.031
5612,0.202
5741,0.018
5757,0.029
5771,0.015
5806,0.01
5809,0.039
5830,0.037
5839,0.042
5846,0.031
5971,0.01
5973,0.013
6019,0.043
6046,0.018
6081,0.03
6087,0.015
6124,0.015
6176,0.011
6203,0.046
6243,0.014
6364,0.021
6371,0.009
6397,0.011
6398,0.05
6413,0.023
6517,0.031
6575,0.042
6580,0.029
6589,0.055
6623,0.037
6711,0.156
6726,0.042
6740,0.046
6741,0.093
6752,0.083
6863,0.025
6891,0.015
6909,0.009
6927,0.044
6981,0.039
6982,0.011
6998,0.019
7130,0.008
7135,0.021
7139,0.021
7157,0.012
7158,0.019
7160,0.015
7172,0.014
7182,0.017
7193,0.031
7194,0.046
7208,0.095
7211,0.013
7214,0.08
7224,0.03
7225,0.033
7229,0.019
7263,0.034
7409,0.06
7419,0.03
7457,0.029
7485,0.004
7499,0.018
7508,0.035
7563,0.026
7679,0.026
7734,0.028
7758,0.039
7779,0.01
7781,0.046
7807,0.027
7825,0.037
7847,0.021
7898,0.022
8010,0.028
8038,0.011
8112,0.022
8117,0.072
8123,0.107
8198,0.032
8237,0.02
8267,0.019
8270,0.005
8275,0.089
8281,0.036
8313,0.036
8319,0.03
8320,0.021
8326,0.079
8336,0.023
8337,0.027
8339,0.042
8348,0.02
8353,0.046
8357,0.026
8401,0.016
8460,0.018
8461,0.024
8548,0.036
8596,0.022
8617,0.02
8664,0.018
8668,0.015
8781,0.038
8788,0.03
8833,0.059
8835,0.024
8867,0.042
8887,0.007
8889,0.018
8901,0.02
8911,0.027
8926,0.02
8931,0.012
8972,0.01
8981,0.029
8994,0.024
9043,0.011
9062,0.324
9182,0.5
9207,0.023
9209,0.011
9210,0.022
9242,0.046
9272,0.022
9278,0.051
9294,0.034
9384,0.012
9518,0.016
9520,0.028
9524,0.039
9533,0.023
9538,0.027
9573,0.041
9574,0.084
9575,0.036
9593,0.012
9758,0.023
9762,0.026
9802,0.014
9815,0.046
9825,0.021
9859,0.017
9898,0.046
9918,0.024
9924,0.014
9950,0.039
9988,0.046
10001,0.023
10003,0.023
10041,0.021
10255,0.016
10262,0.029
10271,0.026
10297,0.028
10329,0.021
10357,0.012
10428,0.028
10446,0.022
10447,0.078
10491,0.03
10585,0.278
10646,0.024
10686,0.008
10697,0.013
10731,0.018
10751,0.033
10782,0.086
10785,0.015
10797,0.059
10836,0.022
10894,0.021
10970,0.011
10993,0.034
10996,0.046
11076,0.016
11136,0.022
11151,0.008
11178,0.018
11183,0.019
11194,0.023
11249,0.022
11333,0.046
11380,0.042
11484,0.03
11489,0.034
11509,0.046
11557,0.033
11566,0.019
11594,0.039
11741,0.015
11790,0.016
11809,0.046
11856,0.027
11857,0.034
11904,0.042
11946,0.039
11947,0.01
11955,0.014
11976,0.011
11996,0.018
12049,0.022
12063,0.027
12099,0.016
12101,0.073
12115,0.026
12124,0.019
12179,0.026
12188,0.013
12227,0.028
12240,0.034
