t_index,tf-idf
25,0.002
66,0.002
74,0.002
77,0.002
114,0.003
143,0.007
216,0.006
216,0.006
269,0.012
269,0.012
269,0.012
319,0.002
336,0.002
337,0.001
442,0.002
448,0.001
456,0.003
488,0.002
507,0.004
557,0.007
626,0.004
628,0.004
759,0.001
816,0.005
816,0.005
877,0.002
945,0.002
964,0.002
1048,0.007
1048,0.007
1193,0.001
1220,0.006
1220,0.006
1225,0.006
1263,0.004
1303,0.006
1510,0.002
1510,0.002
1528,0.006
1528,0.006
1529,0.002
1562,0.002
1573,0.003
1625,0.003
1671,0.003
1729,0.004
1729,0.004
1958,0.001
1986,0.01
1986,0.01
1986,0.01
2070,0.004
2082,0.002
2093,0.003
2115,0.005
2115,0.005
2136,0.006
2136,0.006
2229,0.002
2264,0.004
2264,0.004
2284,0.003
2323,0.003
2358,0.002
2358,0.002
2364,0.005
2391,0.005
2413,0.003
2440,0.005
2440,0.005
2615,0.002
2615,0.002
2615,0.002
2662,0.002
2686,0.008
2686,0.008
2686,0.008
2686,0.008
2741,0.008
2741,0.008
2741,0.008
2742,0.009
2742,0.009
2742,0.009
2742,0.009
2742,0.009
2797,0.003
2807,0.002
2964,0.005
2985,0.005
3025,0.005
3055,0.004
3087,0.003
3159,0.011
3159,0.011
3343,0.009
3343,0.009
3343,0.009
3343,0.009
3343,0.009
3343,0.009
3343,0.009
3415,0.005
3422,0.001
3540,0.003
3549,0.01
3549,0.01
3549,0.01
3558,0.003
3583,0.003
3639,0.005
3639,0.005
3639,0.005
3675,0.003
3702,0.002
3803,0.003
3895,0.001
4002,0.002
4025,0.004
4025,0.004
4025,0.004
4025,0.004
4057,0.003
4057,0.003
4119,0.002
4121,0.003
4181,0.004
4425,0.003
4425,0.003
4425,0.003
4476,0.002
4610,0.003
4684,0.002
4744,0.003
4744,0.003
4968,0.001
5002,0.003
5018,0.002
5122,0.005
5140,0.005
5190,0.001
5213,0.002
5218,0.005
5218,0.005
5219,0.003
5275,0.007
5275,0.007
5275,0.007
5384,0.005
5503,0.004
5573,0.002
5591,0.002
5637,0.004
5741,0.003
5830,0.006
5839,0.019
5839,0.019
5839,0.019
5839,0.019
5839,0.019
5839,0.019
5841,0.007
5846,0.021
5846,0.021
5846,0.021
5846,0.021
5846,0.021
5846,0.021
5846,0.021
5846,0.021
5846,0.021
5964,0.003
5971,0.001
5976,0.002
5997,0.002
6019,0.005
6019,0.005
6019,0.005
6019,0.005
6020,0.003
6036,0.004
6036,0.004
6041,0.001
6051,0.004
6076,0.002
6088,0.006
6124,0.001
6142,0.002
6176,0.002
6199,0.007
6220,0.002
6240,0.01
6240,0.01
6242,0.002
6321,0.001
6359,0.002
6370,0.007
6370,0.007
6370,0.007
6370,0.007
6413,0.001
6468,0.003
6472,0.005
6618,0.002
6733,0.003
6749,0.002
6752,0.027
6752,0.027
6752,0.027
6752,0.027
6752,0.027
6752,0.027
6752,0.027
6752,0.027
6752,0.027
6752,0.027
6752,0.027
6752,0.027
6752,0.027
6775,0.002
6793,0.005
6827,0.003
6848,0.007
6896,0.004
6962,0.005
6983,0.007
6983,0.007
7135,0.003
7172,0.006
7172,0.006
7172,0.006
7196,0.005
7207,0.004
7214,0.003
7214,0.003
7214,0.003
7234,0.001
7263,0.002
7322,0.004
7401,0.003
7419,0.002
7434,0.001
7508,0.003
7508,0.003
7535,0.002
7562,0.002
7672,0.004
7772,0.014
7772,0.014
7772,0.014
7772,0.014
7772,0.014
7779,0.001
7781,0.027
7781,0.027
7781,0.027
7781,0.027
7781,0.027
7781,0.027
7781,0.027
7781,0.027
7781,0.027
7781,0.027
7781,0.027
7781,0.027
7781,0.027
7781,0.027
7781,0.027
7781,0.027
7877,0.007
7898,0.002
7898,0.002
7902,0.017
7902,0.017
7902,0.017
7902,0.017
7902,0.017
7902,0.017
7902,0.017
7912,0.004
7998,0.003
8112,0.002
8124,0.003
8146,0.003
8198,0.004
8198,0.004
8198,0.004
8270,0.002
8270,0.002
8270,0.002
8298,0.002
8313,0.005
8320,0.013
8320,0.013
8320,0.013
8320,0.013
8326,0.002
8344,0.004
8358,0.002
8383,0.003
8390,0.005
8390,0.005
8393,0.002
8403,0.004
8546,0.004
8647,0.007
8718,0.005
8764,0.003
8773,0.007
8773,0.007
8773,0.007
8781,0.003
8782,0.002
8835,0.001
8857,0.004
8926,0.003
8945,0.016
8945,0.016
8945,0.016
8945,0.016
8945,0.016
8945,0.016
8945,0.016
8945,0.016
8994,0.004
9052,0.003
9215,0.001
9220,0.003
9278,0.002
9278,0.002
9278,0.002
9278,0.002
9278,0.002
9278,0.002
9372,0.005
9372,0.005
9372,0.005
9487,0.013
9487,0.013
9487,0.013
9487,0.013
9487,0.013
9501,0.002
9513,0.002
9513,0.002
9568,0.003
9573,0.006
9573,0.006
9574,0.027
9574,0.027
9574,0.027
9574,0.027
9574,0.027
9574,0.027
9574,0.027
9574,0.027
9574,0.027
9574,0.027
9574,0.027
9575,0.013
9575,0.013
9575,0.013
9575,0.013
9575,0.013
9601,0.002
9613,0.007
9709,0.004
9741,0.002
9750,0.003
9758,0.003
9758,0.003
9760,0.009
9760,0.009
9835,0.001
9843,0.003
9924,0.002
10002,0.013
10002,0.013
10002,0.013
10002,0.013
10082,0.005
10082,0.005
10255,0.001
10255,0.001
10329,0.001
10357,0.002
10427,0.005
10427,0.005
10438,0.003
10513,0.002
10534,0.003
10534,0.003
10575,0.003
10590,0.002
10616,0.004
10670,0.006
10782,0.002
10833,0.004
10897,0.002
11037,0.002
11119,0.004
11151,0.001
11159,0.004
11167,0.004
11238,0.004
11253,0.001
11253,0.001
11277,0.006
11373,0.006
11430,0.008
11430,0.008
11699,0.002
11790,0.002
11804,0.007
11804,0.007
11804,0.007
11804,0.007
11812,0.005
11815,0.003
11856,0.004
11856,0.004
11856,0.004
11857,0.003
11857,0.003
12002,0.002
12013,0.002
12030,0.002
12063,0.002
12101,0.001
12188,0.003
12188,0.003
12188,0.003
12188,0.003
12226,0.008
12226,0.008
12226,0.008
12227,0.008
12227,0.008
12227,0.008
12227,0.008
12240,0.005
12248,0.007
12264,0.004
