t_index,tf-idf
84,0.006
84,0.006
150,0.003
194,0.01
194,0.01
194,0.01
194,0.01
203,0.003
206,0.001
216,0.005
216,0.005
340,0.004
340,0.004
345,0.002
415,0.005
415,0.005
448,0.001
488,0.001
540,0.006
540,0.006
573,0.006
573,0.006
579,0.001
698,0.004
698,0.004
759,0.001
772,0.004
809,0.003
855,0.004
879,0.003
922,0.002
954,0.003
954,0.003
981,0.005
981,0.005
1012,0.004
1012,0.004
1018,0.01
1018,0.01
1018,0.01
1018,0.01
1018,0.01
1018,0.01
1046,0.002
1048,0.003
1111,0.002
1232,0.005
1260,0.003
1296,0.009
1296,0.009
1296,0.009
1296,0.009
1296,0.009
1371,0.004
1510,0.001
1522,0.002
1522,0.002
1558,0.003
1571,0.004
1583,0.002
1671,0.004
1671,0.004
1721,0.002
1723,0.007
1723,0.007
1723,0.007
1723,0.007
1757,0.003
1924,0.098
1924,0.098
1924,0.098
1924,0.098
1924,0.098
1924,0.098
1924,0.098
1924,0.098
1924,0.098
1924,0.098
1924,0.098
1924,0.098
1924,0.098
1924,0.098
1924,0.098
1924,0.098
1924,0.098
1924,0.098
1924,0.098
1924,0.098
1924,0.098
1924,0.098
1924,0.098
1924,0.098
1924,0.098
1924,0.098
1924,0.098
1924,0.098
1924,0.098
1924,0.098
1924,0.098
1924,0.098
1924,0.098
1924,0.098
1958,0.002
1958,0.002
2054,0.003
2064,0.003
2067,0.003
2085,0.002
2140,0.002
2163,0.002
2271,0.008
2271,0.008
2304,0.005
2304,0.005
2348,0.003
2366,0.002
2367,0.001
2377,0.002
2390,0.005
2390,0.005
2433,0.005
2489,0.005
2592,0.003
2615,0.001
2641,0.001
2689,0.002
2693,0.004
2698,0.003
2701,0.005
2768,0.003
2804,0.003
2885,0.002
2886,0.002
2889,0.002
2909,0.004
2914,0.004
3030,0.004
3105,0.004
3118,0.002
3153,0.004
3181,0.007
3181,0.007
3181,0.007
3250,0.004
3252,0.001
3256,0.003
3360,0.003
3422,0.006
3422,0.006
3422,0.006
3422,0.006
3422,0.006
3422,0.006
3428,0.003
3430,0.004
3504,0.003
3519,0.005
3519,0.005
3565,0.004
3569,0.001
3577,0.006
3577,0.006
3577,0.006
3583,0.002
3632,0.003
3698,0.003
3698,0.003
3714,0.002
3721,0.003
3736,0.001
3739,0.004
3742,0.001
3772,0.003
3775,0.003
3796,0.002
3804,0.003
3851,0.01
3851,0.01
3851,0.01
3851,0.01
3853,0.004
3853,0.004
3864,0.004
3864,0.004
3864,0.004
3874,0.004
3874,0.004
3895,0.003
3895,0.003
3895,0.003
3895,0.003
3904,0.003
3905,0.006
3905,0.006
3912,0.005
3918,0.005
3956,0.005
3959,0.004
3966,0.004
4010,0.004
4010,0.004
4019,0.005
4025,0.001
4033,0.02
4033,0.02
4033,0.02
4033,0.02
4033,0.02
4033,0.02
4077,0.001
4081,0.002
4081,0.002
4082,0.004
4082,0.004
4132,0.002
4133,0.007
4133,0.007
4145,0.004
4145,0.004
4145,0.004
4146,0.006
4146,0.006
4146,0.006
4148,0.008
4148,0.008
4233,0.009
4233,0.009
4233,0.009
4233,0.009
4362,0.004
4376,0.005
4384,0.003
4384,0.003
4384,0.003
4384,0.003
4387,0.005
4405,0.001
4518,0.092
4518,0.092
4518,0.092
4518,0.092
4518,0.092
4518,0.092
4518,0.092
4518,0.092
4518,0.092
4518,0.092
4518,0.092
4518,0.092
4518,0.092
4518,0.092
4518,0.092
4518,0.092
4518,0.092
4518,0.092
4518,0.092
4518,0.092
4518,0.092
4518,0.092
4518,0.092
4518,0.092
4518,0.092
4518,0.092
4518,0.092
4518,0.092
4518,0.092
4524,0.003
4536,0.004
4617,0.003
4628,0.004
4648,0.001
4744,0.004
4744,0.004
4744,0.004
4798,0.001
4873,0.002
4875,0.003
4875,0.003
4968,0.001
5147,0.002
5183,0.003
5316,0.002
5520,0.002
5621,0.005
5669,0.006
5669,0.006
5716,0.003
5716,0.003
5733,0.002
5806,0.002
5806,0.002
5971,0.001
5971,0.001
5994,0.007
5994,0.007
6041,0.001
6076,0.002
6082,0.005
6112,0.002
6124,0.003
6124,0.003
6124,0.003
6142,0.004
6142,0.004
6142,0.004
6201,0.005
6213,0.001
6220,0.001
6239,0.004
6239,0.004
6321,0.004
6321,0.004
6321,0.004
6321,0.004
6370,0.003
6370,0.003
6371,0.002
6371,0.002
6398,0.002
6413,0.002
6413,0.002
6521,0.031
6521,0.031
6521,0.031
6521,0.031
6521,0.031
6521,0.031
6521,0.031
6521,0.031
6521,0.031
6521,0.031
6521,0.031
6521,0.031
6521,0.031
6521,0.031
6521,0.031
6577,0.002
6666,0.003
6788,0.004
6835,0.003
6998,0.002
6998,0.002
7139,0.002
7200,0.004
7206,0.008
7206,0.008
7206,0.008
7206,0.008
7234,0.001
7263,0.009
7263,0.009
7263,0.009
7263,0.009
7263,0.009
7263,0.009
7263,0.009
7282,0.003
7307,0.002
7375,0.002
7457,0.002
7457,0.002
7499,0.004
7499,0.004
7499,0.004
7499,0.004
7506,0.003
7675,0.005
7736,0.003
7744,0.003
7790,0.002
7800,0.002
7820,0.004
8058,0.01
8058,0.01
8058,0.01
8058,0.01
8058,0.01
8058,0.01
8059,0.005
8059,0.005
8080,0.004
8102,0.017
8102,0.017
8102,0.017
8102,0.017
8102,0.017
8102,0.017
8102,0.017
8102,0.017
8102,0.017
8102,0.017
8102,0.017
8102,0.017
8102,0.017
8105,0.004
8168,0.002
8284,0.003
8294,0.003
8298,0.002
8334,0.005
8355,0.004
8429,0.003
8429,0.003
8437,0.007
8437,0.007
8460,0.002
8489,0.003
8506,0.002
8566,0.003
8578,0.005
8578,0.005
8578,0.005
8653,0.001
8668,0.002
8672,0.002
8950,0.005
8965,0.003
8979,0.003
8998,0.003
9043,0.001
9055,0.002
9082,0.002
9108,0.006
9108,0.006
9142,0.003
9172,0.002
9215,0.002
9215,0.002
9278,0.002
9278,0.002
9278,0.002
9278,0.002
9278,0.002
9278,0.002
9278,0.002
9342,0.005
9377,0.004
9377,0.004
9391,0.005
9452,0.006
9452,0.006
9487,0.002
9494,0.006
9494,0.006
9501,0.003
9501,0.003
9517,0.007
9517,0.007
9517,0.007
9545,0.003
9593,0.011
9593,0.011
9593,0.011
9593,0.011
9593,0.011
9593,0.011
9593,0.011
9593,0.011
9601,0.007
9601,0.007
9601,0.007
9601,0.007
9601,0.007
9601,0.007
9639,0.003
9721,0.003
9729,0.003
9732,0.002
9741,0.004
9741,0.004
9751,0.004
9751,0.004
9802,0.002
9835,0.001
9859,0.002
9901,0.003
9935,0.006
9935,0.006
9940,0.004
9941,0.001
9953,0.003
9972,0.007
9972,0.007
10004,0.004
10054,0.002
10122,0.002
10136,0.004
10249,0.007
10249,0.007
10249,0.007
10249,0.007
10249,0.007
10329,0.002
10329,0.002
10405,0.003
10420,0.003
10505,0.006
10505,0.006
10534,0.001
10672,0.003
10686,0.003
10686,0.003
10686,0.003
10700,0.004
10894,0.005
10894,0.005
10894,0.005
10894,0.005
10897,0.005
10897,0.005
10897,0.005
10922,0.001
10956,0.004
10959,0.003
10970,0.001
10973,0.005
10986,0.003
10990,0.002
11005,0.002
11059,0.002
11066,0.003
11162,0.003
11171,0.002
11253,0.004
11253,0.004
11253,0.004
11253,0.004
11253,0.004
11253,0.004
11253,0.004
11253,0.004
11253,0.004
11398,0.005
11405,0.007
11405,0.007
11544,0.005
11544,0.005
11566,0.001
11575,0.003
11699,0.003
11699,0.003
11755,0.005
11755,0.005
11797,0.006
11797,0.006
11844,0.002
11887,0.004
11887,0.004
11904,0.002
11904,0.002
11921,0.003
11932,0.001
11947,0.001
11950,0.001
11980,0.004
12007,0.004
12007,0.004
12012,0.004
12015,0.003
12031,0.003
12038,0.008
12038,0.008
12038,0.008
12038,0.008
12062,0.002
12150,0.002
12186,0.003
12188,0.002
12188,0.002
12188,0.002
12188,0.002
12198,0.001
12200,0.003
