t_index,tf-idf
117,0.018
231,0.035
497,0.026
666,0.012
1193,0.014
2016,0.028
2028,0.025
2028,0.025
2072,0.02
2082,0.023
2147,0.03
2641,0.016
2690,0.018
2813,0.015
3268,0.02
3990,0.03
4077,0.014
5956,0.04
5971,0.007
6582,0.026
6692,0.02
6982,0.016
7279,0.03
7420,0.025
7562,0.016
7734,0.04
7897,0.02
8154,0.017
8711,0.031
8782,0.019
8888,0.035
8945,0.019
9272,0.031
9281,0.014
9506,0.018
9513,0.023
9513,0.023
9609,0.04
9713,0.016
10515,0.02
10900,0.043
10931,0.026
10961,0.056
12023,0.019
12128,0.023
12194,0.02
