t_index,tf-idf
74,0.008
74,0.008
74,0.008
74,0.008
102,0.002
104,0.002
117,0.004
117,0.004
174,0.021
174,0.021
174,0.021
174,0.021
174,0.021
175,0.016
175,0.016
175,0.016
175,0.016
175,0.016
312,0.003
313,0.008
313,0.008
323,0.004
323,0.004
337,0.001
367,0.003
367,0.003
367,0.003
383,0.004
383,0.004
447,0.003
448,0.003
448,0.003
456,0.003
513,0.023
513,0.023
513,0.023
513,0.023
513,0.023
513,0.023
513,0.023
513,0.023
515,0.005
515,0.005
539,0.002
620,0.002
634,0.002
636,0.003
666,0.008
666,0.008
666,0.008
666,0.008
666,0.008
666,0.008
703,0.012
703,0.012
703,0.012
703,0.012
703,0.012
703,0.012
703,0.012
703,0.012
776,0.014
776,0.014
968,0.007
968,0.007
968,0.007
968,0.007
968,0.007
1062,0.025
1062,0.025
1062,0.025
1062,0.025
1062,0.025
1062,0.025
1062,0.025
1062,0.025
1062,0.025
1062,0.025
1111,0.002
1166,0.002
1193,0.004
1193,0.004
1193,0.004
1196,0.02
1196,0.02
1196,0.02
1196,0.02
1196,0.02
1196,0.02
1196,0.02
1220,0.003
1324,0.004
1361,0.016
1361,0.016
1361,0.016
1361,0.016
1361,0.016
1361,0.016
1522,0.003
1522,0.003
1609,0.002
1619,0.002
1801,0.002
1870,0.004
1875,0.006
1916,0.002
1958,0.004
1958,0.004
1958,0.004
2028,0.004
2028,0.004
2028,0.004
2066,0.001
2077,0.005
2077,0.005
2153,0.002
2161,0.019
2161,0.019
2161,0.019
2161,0.019
2188,0.003
2213,0.004
2213,0.004
2522,0.012
2522,0.012
2522,0.012
2542,0.012
2542,0.012
2630,0.003
2664,0.002
2790,0.005
2791,0.008
2791,0.008
2791,0.008
2813,0.002
2817,0.002
2922,0.003
3161,0.003
3181,0.006
3181,0.006
3252,0.002
3322,0.004
3329,0.003
3372,0.003
3395,0.005
3433,0.003
3538,0.003
3569,0.002
3569,0.002
3630,0.003
3639,0.002
3658,0.003
3658,0.003
3804,0.003
3854,0.004
3866,0.003
3892,0.003
3901,0.012
3901,0.012
4025,0.001
4371,0.004
4403,0.003
4526,0.003
4526,0.003
4627,0.002
4679,0.012
4679,0.012
4680,0.007
4680,0.007
4680,0.007
4791,0.002
4798,0.002
4798,0.002
4837,0.003
4908,0.001
4932,0.003
4972,0.009
4972,0.009
4972,0.009
4972,0.009
4972,0.009
4972,0.009
4972,0.009
5077,0.004
5079,0.01
5079,0.01
5079,0.01
5079,0.01
5287,0.004
5322,0.004
5390,0.008
5390,0.008
5390,0.008
5390,0.008
5390,0.008
5390,0.008
5426,0.008
5426,0.008
5426,0.008
5479,0.003
5487,0.005
5741,0.003
5766,0.001
5809,0.004
5809,0.004
5905,0.027
5905,0.027
5905,0.027
5905,0.027
5905,0.027
5905,0.027
5905,0.027
5905,0.027
5905,0.027
5905,0.027
5905,0.027
5971,0.001
5997,0.002
6036,0.002
6148,0.005
6148,0.005
6176,0.003
6176,0.003
6194,0.003
6397,0.011
6397,0.011
6397,0.011
6397,0.011
6397,0.011
6397,0.011
6397,0.011
6420,0.004
6599,0.002
6618,0.002
6659,0.003
6733,0.003
6775,0.002
6776,0.003
6825,0.002
6868,0.004
6889,0.002
6909,0.001
6982,0.002
7139,0.003
7157,0.004
7157,0.004
7208,0.006
7208,0.006
7211,0.002
7295,0.003
7419,0.002
7434,0.003
7434,0.003
7434,0.003
7434,0.003
7475,0.005
7485,0.002
7485,0.002
7485,0.002
7501,0.002
7527,0.004
7527,0.004
7535,0.002
7551,0.003
7562,0.002
7914,0.003
7986,0.004
8038,0.002
8044,0.003
8044,0.003
8053,0.004
8112,0.003
8112,0.003
8229,0.004
8258,0.002
8288,0.004
8298,0.002
8357,0.004
8384,0.003
8401,0.005
8401,0.005
8403,0.007
8403,0.007
8460,0.003
8461,0.002
8502,0.002
8698,0.006
8698,0.006
8698,0.006
8725,0.005
8768,0.002
8773,0.002
8818,0.002
9215,0.001
9270,0.021
9270,0.021
9270,0.021
9270,0.021
9270,0.021
9270,0.021
9270,0.021
9278,0.006
9278,0.006
9278,0.006
9278,0.006
9278,0.006
9278,0.006
9278,0.006
9278,0.006
9278,0.006
9278,0.006
9278,0.006
9278,0.006
9278,0.006
9278,0.006
9278,0.006
9281,0.001
9372,0.002
9373,0.012
9373,0.012
9373,0.012
9373,0.012
9373,0.012
9384,0.001
9384,0.001
9484,0.002
9501,0.002
9516,0.002
9522,0.002
9587,0.003
9608,0.002
9612,0.001
9800,0.004
9802,0.002
10043,0.002
10078,0.029
10078,0.029
10078,0.029
10078,0.029
10078,0.029
10078,0.029
10078,0.029
10078,0.029
10078,0.029
10078,0.029
10078,0.029
10078,0.029
10088,0.003
10105,0.002
10154,0.003
10255,0.001
10357,0.002
10515,0.006
10515,0.006
10515,0.006
10552,0.004
10556,0.001
10590,0.03
10590,0.03
10590,0.03
10590,0.03
10590,0.03
10590,0.03
10590,0.03
10590,0.03
10590,0.03
10590,0.03
10590,0.03
10590,0.03
10590,0.03
10590,0.03
10590,0.03
10658,0.024
10658,0.024
10658,0.024
10658,0.024
10658,0.024
10731,0.003
10781,0.003
10834,0.005
10834,0.005
10913,0.002
10917,0.006
10922,0.001
11014,0.011
11014,0.011
11014,0.011
11014,0.011
11014,0.011
11014,0.011
11014,0.011
11014,0.011
11030,0.004
11037,0.003
11037,0.003
11097,0.006
11097,0.006
11151,0.001
11200,0.004
11253,0.004
11253,0.004
11253,0.004
11253,0.004
11253,0.004
11253,0.004
11317,0.004
11416,0.004
11429,0.002
11429,0.002
11566,0.004
11566,0.004
11566,0.004
11569,0.002
11750,0.004
11757,0.008
11757,0.008
11757,0.008
11757,0.008
11857,0.005
11857,0.005
11857,0.005
11880,0.003
11976,0.002
12062,0.002
12101,0.001
12128,0.002
12188,0.001
12193,0.006
12193,0.006
12193,0.006
12193,0.006
12194,0.015
12194,0.015
12194,0.015
12194,0.015
12194,0.015
12194,0.015
12194,0.015
12198,0.002
