t_index,tf-idf
32,0.028
32,0.028
32,0.028
32,0.028
32,0.028
32,0.028
45,0.005
82,0.002
206,0.002
225,0.002
319,0.005
319,0.005
323,0.004
323,0.004
337,0.001
396,0.004
487,0.002
497,0.01
497,0.01
497,0.01
497,0.01
536,0.005
579,0.002
611,0.076
611,0.076
611,0.076
611,0.076
611,0.076
611,0.076
611,0.076
611,0.076
611,0.076
611,0.076
611,0.076
611,0.076
611,0.076
611,0.076
611,0.076
611,0.076
611,0.076
611,0.076
611,0.076
611,0.076
611,0.076
611,0.076
611,0.076
611,0.076
611,0.076
611,0.076
611,0.076
611,0.076
628,0.004
634,0.006
634,0.006
634,0.006
666,0.001
674,0.003
688,0.003
794,0.006
826,0.003
844,0.003
932,0.002
947,0.002
968,0.001
978,0.015
978,0.015
978,0.015
1053,0.008
1053,0.008
1053,0.008
1095,0.005
1095,0.005
1228,0.006
1453,0.002
1522,0.001
1529,0.005
1529,0.005
1529,0.005
1599,0.018
1599,0.018
1599,0.018
1599,0.018
1599,0.018
1599,0.018
1599,0.018
1619,0.005
1619,0.005
1619,0.005
1712,0.004
1716,0.002
1746,0.002
1801,0.003
1801,0.003
1837,0.004
1873,0.004
1888,0.003
1903,0.003
1945,0.001
2022,0.005
2038,0.007
2038,0.007
2086,0.005
2086,0.005
2091,0.002
2104,0.004
2147,0.003
2167,0.008
2167,0.008
2167,0.008
2167,0.008
2210,0.004
2213,0.002
2246,0.005
2260,0.003
2265,0.003
2268,0.004
2321,0.005
2348,0.004
2356,0.003
2367,0.006
2367,0.006
2367,0.006
2367,0.006
2404,0.002
2432,0.006
2440,0.005
2440,0.005
2441,0.006
2441,0.006
2441,0.006
2449,0.002
2629,0.002
2641,0.003
2641,0.003
2650,0.003
2666,0.003
2686,0.004
2686,0.004
2689,0.002
2711,0.003
2742,0.005
2742,0.005
2742,0.005
2817,0.002
2826,0.002
2880,0.002
2969,0.002
3010,0.003
3019,0.005
3034,0.003
3119,0.003
3126,0.006
3269,0.003
3314,0.002
3324,0.002
3343,0.003
3343,0.003
3343,0.003
3388,0.004
3388,0.004
3433,0.006
3433,0.006
3452,0.002
3569,0.003
3569,0.003
3569,0.003
3571,0.006
3574,0.003
3698,0.002
3714,0.002
3715,0.004
3718,0.003
3791,0.008
3791,0.008
3791,0.008
3791,0.008
3804,0.003
3854,0.004
3859,0.003
3895,0.002
3895,0.002
3895,0.002
3910,0.001
3916,0.003
3965,0.003
3993,0.004
4057,0.001
4072,0.004
4294,0.001
4330,0.001
4355,0.002
4356,0.002
4422,0.005
4422,0.005
4427,0.005
4427,0.005
4526,0.003
4526,0.003
4655,0.003
4710,0.004
4762,0.012
4762,0.012
4762,0.012
4762,0.012
4762,0.012
4772,0.003
4798,0.002
4798,0.002
4840,0.002
4972,0.002
4972,0.002
5238,0.005
5277,0.002
5305,0.002
5325,0.005
5366,0.002
5398,0.002
5438,0.002
5489,0.003
5520,0.003
5586,0.002
5590,0.004
5598,0.008
5598,0.008
5631,0.016
5631,0.016
5631,0.016
5631,0.016
5631,0.016
5631,0.016
5633,0.013
5633,0.013
5636,0.007
5636,0.007
5637,0.004
5662,0.013
5662,0.013
5664,0.002
5716,0.002
5727,0.006
5766,0.002
5766,0.002
5962,0.003
5997,0.008
5997,0.008
5997,0.008
5997,0.008
6019,0.001
6036,0.002
6050,0.003
6051,0.007
6051,0.007
6062,0.004
6098,0.003
6161,0.003
6212,0.004
6251,0.005
6251,0.005
6370,0.002
6371,0.001
6418,0.003
6545,0.001
6558,0.013
6558,0.013
6582,0.005
6582,0.005
6607,0.003
6618,0.003
6618,0.003
6634,0.003
6783,0.012
6783,0.012
6783,0.012
6783,0.012
6830,0.023
6830,0.023
6830,0.023
6830,0.023
6830,0.023
6830,0.023
6830,0.023
6830,0.023
6830,0.023
7039,0.003
7060,0.004
7076,0.006
7104,0.002
7214,0.001
7234,0.001
7279,0.003
7302,0.027
7302,0.027
7302,0.027
7302,0.027
7302,0.027
7302,0.027
7302,0.027
7303,0.02
7303,0.02
7303,0.02
7303,0.02
7303,0.02
7347,0.002
7392,0.003
7400,0.005
7412,0.004
7419,0.002
7432,0.002
7433,0.001
7438,0.003
7485,0.001
7485,0.001
7499,0.001
7507,0.003
7508,0.005
7508,0.005
7508,0.005
7527,0.002
7593,0.005
7608,0.005
7800,0.002
7885,0.004
7932,0.002
7936,0.003
7958,0.004
7967,0.004
8046,0.002
8112,0.004
8112,0.004
8112,0.004
8162,0.004
8270,0.001
8270,0.001
8320,0.006
8320,0.006
8329,0.003
8358,0.002
8489,0.003
8514,0.005
8531,0.002
8534,0.006
8570,0.002
8691,0.004
8719,0.002
8731,0.002
8756,0.003
8814,0.003
8835,0.001
8841,0.003
8860,0.006
8868,0.003
8930,0.003
8948,0.005
8981,0.004
8985,0.007
8985,0.007
9020,0.003
9043,0.002
9094,0.002
9141,0.013
9141,0.013
9278,0.003
9278,0.003
9278,0.003
9278,0.003
9278,0.003
9278,0.003
9278,0.003
9471,0.006
9487,0.002
9501,0.002
9551,0.016
9551,0.016
9551,0.016
9551,0.016
9551,0.016
9551,0.016
9551,0.016
9551,0.016
9563,0.004
9563,0.004
9569,0.003
9600,0.003
9647,0.005
9702,0.016
9702,0.016
9702,0.016
9702,0.016
9758,0.002
9786,0.002
9835,0.002
9835,0.002
9860,0.002
9888,0.005
9915,0.003
10009,0.004
10070,0.006
10070,0.006
10213,0.003
10243,0.003
10249,0.002
10255,0.002
10255,0.002
10255,0.002
10256,0.005
10329,0.001
10365,0.002
10496,0.003
10508,0.002
10556,0.003
10556,0.003
10561,0.003
10838,0.003
10894,0.001
10922,0.001
10941,0.005
10970,0.001
11014,0.001
11187,0.019
11187,0.019
11187,0.019
11210,0.002
11234,0.005
11234,0.005
11234,0.005
11253,0.001
11253,0.001
11391,0.005
11534,0.006
11541,0.005
11544,0.003
11695,0.005
11709,0.003
11804,0.013
11804,0.013
11804,0.013
11804,0.013
11804,0.013
11804,0.013
11804,0.013
11804,0.013
11805,0.003
11904,0.001
11937,0.004
11976,0.002
11988,0.043
11988,0.043
11988,0.043
11988,0.043
11988,0.043
11988,0.043
11988,0.043
11988,0.043
11988,0.043
11988,0.043
11988,0.043
11988,0.043
11988,0.043
11988,0.043
11988,0.043
11988,0.043
11988,0.043
11988,0.043
11988,0.043
11988,0.043
11988,0.043
11988,0.043
11988,0.043
11988,0.043
11988,0.043
12011,0.003
12013,0.002
12054,0.002
12099,0.002
12101,0.001
12188,0.001
12214,0.002
