t_index,tf-idf
74,0.002
80,0.004
184,0.006
189,0.005
189,0.005
190,0.013
190,0.013
190,0.013
190,0.013
190,0.013
241,0.003
306,0.002
329,0.003
471,0.002
620,0.003
620,0.003
633,0.004
633,0.004
759,0.001
778,0.003
852,0.005
852,0.005
945,0.002
954,0.002
968,0.001
981,0.003
1123,0.004
1172,0.004
1172,0.004
1172,0.004
1230,0.003
1318,0.008
1318,0.008
1340,0.003
1378,0.003
1438,0.009
1438,0.009
1438,0.009
1438,0.009
1522,0.003
1522,0.003
1562,0.008
1562,0.008
1562,0.008
1562,0.008
1562,0.008
1574,0.002
1595,0.006
1626,0.005
1651,0.002
1675,0.003
1685,0.002
1689,0.002
1696,0.003
1733,0.003
1859,0.011
1859,0.011
1859,0.011
1859,0.011
1958,0.001
1988,0.002
2011,0.003
2014,0.007
2014,0.007
2032,0.026
2032,0.026
2032,0.026
2032,0.026
2032,0.026
2032,0.026
2032,0.026
2032,0.026
2035,0.004
2035,0.004
2049,0.008
2049,0.008
2061,0.004
2066,0.001
2088,0.006
2088,0.006
2149,0.008
2149,0.008
2149,0.008
2153,0.002
2160,0.002
2310,0.005
2347,0.004
2347,0.004
2363,0.003
2377,0.002
2404,0.002
2435,0.002
2439,0.006
2439,0.006
2443,0.003
2458,0.01
2458,0.01
2458,0.01
2458,0.01
2516,0.005
2526,0.004
2526,0.004
2563,0.008
2563,0.008
2563,0.008
2563,0.008
2563,0.008
2573,0.014
2573,0.014
2573,0.014
2581,0.002
2607,0.002
2615,0.001
2629,0.005
2629,0.005
2629,0.005
2641,0.004
2641,0.004
2641,0.004
2713,0.005
2716,0.003
2804,0.003
2813,0.001
2880,0.006
2880,0.006
2880,0.006
2880,0.006
2889,0.008
2889,0.008
2889,0.008
2927,0.003
2942,0.002
3004,0.003
3024,0.004
3076,0.006
3076,0.006
3098,0.002
3137,0.006
3142,0.004
3162,0.003
3170,0.005
3211,0.003
3236,0.004
3261,0.002
3262,0.003
3268,0.002
3327,0.004
3341,0.004
3345,0.003
3388,0.002
3442,0.004
3562,0.004
3569,0.002
3569,0.002
3687,0.002
3782,0.002
3807,0.002
3895,0.001
3910,0.005
3910,0.005
3910,0.005
3910,0.005
3942,0.006
3942,0.006
3967,0.007
3967,0.007
4002,0.001
4007,0.002
4077,0.001
4081,0.001
4100,0.003
4146,0.004
4146,0.004
4163,0.006
4163,0.006
4324,0.002
4359,0.006
4365,0.003
4384,0.002
4384,0.002
4405,0.001
4468,0.007
4468,0.007
4483,0.003
4498,0.005
4521,0.002
4537,0.005
4541,0.005
4548,0.006
4548,0.006
4585,0.006
4627,0.002
4648,0.005
4648,0.005
4648,0.005
4798,0.001
4818,0.004
4847,0.003
4854,0.007
4854,0.007
4939,0.001
4955,0.004
4955,0.004
4968,0.002
4968,0.002
4970,0.006
4972,0.002
4972,0.002
5008,0.002
5018,0.007
5018,0.007
5018,0.007
5018,0.007
5024,0.013
5024,0.013
5024,0.013
5024,0.013
5052,0.005
5072,0.004
5079,0.002
5088,0.003
5190,0.001
5250,0.004
5277,0.003
5277,0.003
5319,0.002
5354,0.001
5586,0.002
5604,0.007
5604,0.007
5626,0.007
5626,0.007
5716,0.004
5716,0.004
5766,0.002
5766,0.002
5806,0.001
5890,0.023
5890,0.023
5890,0.023
5890,0.023
5890,0.023
5890,0.023
5890,0.023
5890,0.023
5906,0.003
5940,0.008
5940,0.008
5940,0.008
5964,0.002
5973,0.003
5973,0.003
6036,0.002
6044,0.003
6046,0.002
6076,0.002
6138,0.005
6176,0.003
6176,0.003
6192,0.002
6220,0.001
6229,0.004
6241,0.002
6270,0.005
6272,0.003
6345,0.007
6345,0.007
6345,0.007
6359,0.002
6397,0.001
6413,0.002
6413,0.002
6464,0.004
6531,0.002
6534,0.004
6548,0.003
6582,0.002
6593,0.007
6593,0.007
6673,0.009
6673,0.009
6673,0.009
6709,0.004
6730,0.007
6730,0.007
6730,0.007
6730,0.007
6749,0.001
6825,0.003
6825,0.003
6909,0.001
6931,0.008
6931,0.008
6935,0.004
6939,0.002
6959,0.002
6975,0.004
7130,0.004
7130,0.004
7130,0.004
7130,0.004
7157,0.003
7157,0.003
7183,0.005
7183,0.005
7224,0.001
7307,0.003
7333,0.002
7432,0.002
7433,0.001
7434,0.001
7457,0.001
7485,0.0
7643,0.004
7644,0.003
7672,0.003
7722,0.004
7728,0.006
7728,0.006
7736,0.004
7768,0.005
7821,0.003
7835,0.003
7898,0.003
7898,0.003
7898,0.003
7898,0.003
7898,0.003
7902,0.006
7902,0.006
7902,0.006
7909,0.004
7952,0.003
7982,0.002
7993,0.006
8038,0.001
8047,0.004
8112,0.003
8112,0.003
8144,0.002
8171,0.002
8198,0.002
8198,0.002
8225,0.004
8250,0.009
8250,0.009
8270,0.001
8314,0.005
8429,0.002
8478,0.015
8478,0.015
8478,0.015
8478,0.015
8478,0.015
8478,0.015
8478,0.015
8502,0.003
8502,0.003
8506,0.002
8642,0.004
8653,0.003
8653,0.003
8686,0.003
8721,0.002
8731,0.006
8731,0.006
8731,0.006
8825,0.002
8866,0.004
8906,0.008
8906,0.008
8906,0.008
8906,0.008
8907,0.01
8907,0.01
8907,0.01
8907,0.01
8914,0.002
8927,0.005
8946,0.003
8972,0.001
8978,0.004
8990,0.003
9058,0.002
9154,0.003
9189,0.002
9207,0.003
9278,0.004
9278,0.004
9278,0.004
9278,0.004
9278,0.004
9278,0.004
9278,0.004
9278,0.004
9278,0.004
9278,0.004
9278,0.004
9278,0.004
9278,0.004
9310,0.01
9310,0.01
9310,0.01
9310,0.01
9324,0.007
9324,0.007
9324,0.007
9326,0.004
9372,0.004
9372,0.004
9372,0.004
9387,0.003
9409,0.002
9442,0.003
9484,0.003
9484,0.003
9520,0.002
9531,0.004
9553,0.005
9553,0.005
9562,0.003
9562,0.003
9585,0.004
9608,0.003
9608,0.003
9639,0.003
9757,0.008
9757,0.008
9860,0.003
9860,0.003
9883,0.007
9883,0.007
9903,0.003
9909,0.004
9981,0.005
9983,0.004
10036,0.004
10054,0.002
10067,0.004
10073,0.002
10080,0.003
10093,0.003
10111,0.003
10140,0.003
10154,0.002
10219,0.004
10255,0.001
10255,0.001
10329,0.002
10329,0.002
10352,0.003
10397,0.002
10427,0.002
10429,0.004
10484,0.003
10508,0.004
10508,0.004
10531,0.003
10534,0.01
10534,0.01
10534,0.01
10534,0.01
10534,0.01
10534,0.01
10534,0.01
10555,0.005
10555,0.005
10583,0.002
10584,0.008
10584,0.008
10584,0.008
10584,0.008
10666,0.005
10683,0.004
10686,0.001
10726,0.004
10736,0.005
10797,0.004
10970,0.001
11001,0.001
11014,0.002
11014,0.002
11018,0.004
11018,0.004
11037,0.001
11123,0.002
11141,0.004
11151,0.001
11167,0.003
11356,0.002
11429,0.002
11429,0.002
11557,0.002
11566,0.004
11566,0.004
11566,0.004
11697,0.002
11745,0.005
11800,0.003
11835,0.002
11848,0.002
11904,0.001
11947,0.001
11955,0.004
11955,0.004
12034,0.005
12034,0.005
12062,0.002
12063,0.002
12101,0.002
12101,0.002
12104,0.007
12104,0.007
12104,0.007
12104,0.007
12117,0.003
12122,0.004
12179,0.003
12188,0.001
12188,0.001
12198,0.002
