t_index,tf-idf
157,0.046
197,0.04
272,0.051
373,0.11
404,0.068
442,0.034
485,0.031
505,0.056
509,0.05
563,0.076
585,0.083
646,0.065
928,0.042
1044,0.056
1190,0.113
1220,0.054
1316,0.06
1460,0.097
1522,0.028
1540,0.036
1592,0.065
1746,0.062
1801,0.062
1916,0.032
2066,0.026
2072,0.116
2167,0.08
2180,0.041
2182,0.059
2323,0.095
2358,0.018
2362,0.116
2615,0.015
2635,0.043
2664,0.043
2753,0.044
3022,0.081
3138,0.041
3287,0.084
3343,0.045
3594,0.057
3866,0.118
3939,0.049
4025,0.02
4057,0.101
4170,0.049
4171,0.207
4291,0.048
4355,0.034
4384,0.02
4425,0.082
4744,0.03
4798,0.023
4837,0.108
4893,0.037
4911,0.068
4972,0.024
5095,0.058
5097,0.084
5112,0.039
5259,0.056
5311,0.067
5333,0.083
5349,0.068
5366,0.04
5390,0.025
5398,0.037
5479,0.054
5504,0.051
5604,0.076
5645,0.052
5971,0.028
5973,0.035
5976,0.062
5987,0.066
6030,0.031
6194,0.056
6404,0.086
6736,0.073
6775,0.067
6891,0.041
6906,0.473
6909,0.05
6927,0.06
6973,0.12
7072,0.075
7130,0.021
7157,0.032
7214,0.018
7263,0.062
7359,0.061
7419,0.041
7432,0.077
7433,0.04
7434,0.014
7508,0.032
7663,0.086
7728,0.069
7735,0.062
7779,0.027
7868,0.081
7936,0.067
7939,0.207
8038,0.058
8074,0.068
8117,0.028
8198,0.022
8270,0.025
8272,0.029
8275,0.048
8285,0.053
8310,0.037
8378,0.133
8405,0.101
8578,0.039
8604,0.057
8714,0.073
8769,0.091
8773,0.041
8782,0.035
8818,0.035
8835,0.022
8881,0.058
8888,0.066
8899,0.065
8962,0.044
8972,0.028
9201,0.106
9278,0.022
9392,0.05
9568,0.057
9569,0.101
9835,0.021
9918,0.065
10110,0.041
10133,0.096
10186,0.073
10255,0.011
10301,0.038
10534,0.061
10556,0.025
10580,0.052
10686,0.021
10782,0.034
10919,0.042
11040,0.032
11111,0.067
11151,0.022
11234,0.097
11402,0.077
11429,0.019
11566,0.026
11600,0.061
11700,0.06
11727,0.318
11776,0.059
11924,0.074
11933,0.051
11950,0.035
12002,0.077
12169,0.106
