t_index,tf-idf
25,0.001
31,0.004
48,0.002
66,0.002
66,0.002
70,0.002
74,0.001
77,0.001
86,0.002
102,0.004
102,0.004
102,0.004
102,0.004
103,0.001
114,0.001
130,0.005
130,0.005
130,0.005
130,0.005
157,0.001
206,0.002
206,0.002
225,0.001
229,0.002
230,0.002
230,0.002
319,0.012
319,0.012
319,0.012
319,0.012
319,0.012
319,0.012
319,0.012
319,0.012
319,0.012
323,0.001
329,0.002
330,0.003
330,0.003
330,0.003
337,0.0
366,0.001
367,0.001
383,0.002
383,0.002
397,0.005
397,0.005
397,0.005
448,0.001
486,0.003
507,0.002
509,0.001
513,0.002
544,0.002
562,0.005
562,0.005
563,0.002
563,0.002
579,0.001
607,0.003
620,0.002
620,0.002
630,0.002
634,0.001
666,0.001
666,0.001
669,0.002
669,0.002
703,0.002
703,0.002
751,0.004
759,0.001
785,0.007
785,0.007
885,0.003
885,0.003
919,0.004
919,0.004
932,0.004
932,0.004
932,0.004
947,0.001
948,0.002
954,0.001
968,0.001
1012,0.002
1012,0.002
1018,0.001
1046,0.003
1046,0.003
1062,0.003
1062,0.003
1172,0.001
1193,0.002
1193,0.002
1212,0.002
1335,0.001
1401,0.001
1404,0.002
1453,0.006
1453,0.006
1453,0.006
1453,0.006
1453,0.006
1456,0.001
1510,0.001
1524,0.002
1529,0.001
1559,0.002
1609,0.001
1619,0.002
1619,0.002
1651,0.001
1685,0.001
1697,0.003
1697,0.003
1713,0.002
1716,0.003
1716,0.003
1721,0.002
1729,0.001
1742,0.002
1750,0.006
1750,0.006
1750,0.006
1784,0.004
1784,0.004
1874,0.002
1892,0.002
1892,0.002
1916,0.001
1945,0.001
1986,0.009
1986,0.009
1986,0.009
1986,0.009
1986,0.009
2018,0.003
2028,0.001
2031,0.005
2031,0.005
2035,0.001
2066,0.001
2072,0.001
2082,0.003
2082,0.003
2085,0.003
2085,0.003
2100,0.003
2135,0.002
2180,0.001
2216,0.002
2239,0.003
2239,0.003
2252,0.002
2252,0.002
2252,0.002
2268,0.003
2329,0.002
2343,0.012
2343,0.012
2343,0.012
2343,0.012
2343,0.012
2343,0.012
2343,0.012
2347,0.001
2358,0.002
2358,0.002
2358,0.002
2358,0.002
2510,0.006
2510,0.006
2510,0.006
2510,0.006
2606,0.005
2606,0.005
2609,0.004
2609,0.004
2615,0.001
2615,0.001
2615,0.001
2623,0.003
2635,0.001
2648,0.002
2651,0.001
2660,0.001
2662,0.001
2690,0.001
2748,0.001
2773,0.002
2783,0.002
2787,0.003
2791,0.001
2797,0.004
2797,0.004
2814,0.01
2814,0.01
2814,0.01
2814,0.01
2814,0.01
2870,0.002
2885,0.005
2885,0.005
2885,0.005
2885,0.005
2886,0.001
2922,0.002
2938,0.004
2939,0.007
2939,0.007
2985,0.002
3003,0.003
3033,0.002
3082,0.002
3087,0.002
3105,0.003
3108,0.015
3108,0.015
3108,0.015
3108,0.015
3236,0.002
3262,0.002
3268,0.001
3283,0.004
3283,0.004
3283,0.004
3312,0.003
3312,0.003
3314,0.001
3329,0.002
3411,0.003
3422,0.001
3422,0.001
3433,0.003
3433,0.003
3436,0.002
3452,0.002
3452,0.002
3535,0.003
3569,0.005
3569,0.005
3569,0.005
3569,0.005
3569,0.005
3569,0.005
3569,0.005
3575,0.001
3587,0.001
3639,0.001
3643,0.003
3648,0.001
3657,0.002
3680,0.002
3687,0.001
3702,0.001
3714,0.001
3742,0.003
3742,0.003
3742,0.003
3768,0.001
3868,0.001
3895,0.001
3895,0.001
3952,0.002
3990,0.002
3993,0.002
4025,0.003
4025,0.003
4025,0.003
4025,0.003
4025,0.003
4025,0.003
4035,0.001
4054,0.001
4073,0.002
4077,0.002
4077,0.002
4081,0.001
4119,0.001
4146,0.001
4175,0.005
4175,0.005
4175,0.005
4201,0.001
4294,0.001
4304,0.003
4313,0.005
4313,0.005
4313,0.005
4313,0.005
4324,0.001
4330,0.004
4330,0.004
4330,0.004
4330,0.004
4330,0.004
4330,0.004
4355,0.002
4355,0.002
4356,0.002
4356,0.002
4384,0.002
4384,0.002
4384,0.002
4384,0.002
4447,0.001
4521,0.002
4521,0.002
4526,0.003
4526,0.003
4526,0.003
4528,0.002
4570,0.005
4570,0.005
4570,0.005
4570,0.005
4627,0.001
4688,0.002
4893,0.001
4900,0.002
4939,0.001
4968,0.001
4972,0.001
5002,0.001
5009,0.002
5041,0.015
5041,0.015
5041,0.015
5041,0.015
5041,0.015
5041,0.015
5075,0.003
5075,0.003
5086,0.002
5100,0.003
5105,0.002
5140,0.005
5140,0.005
5149,0.002
5190,0.001
5192,0.009
5192,0.009
5192,0.009
5192,0.009
5244,0.002
5259,0.002
5263,0.001
5306,0.002
5316,0.001
5345,0.001
5354,0.002
5354,0.002
5383,0.003
5405,0.051
5405,0.051
5405,0.051
5405,0.051
5405,0.051
5405,0.051
5405,0.051
5405,0.051
5405,0.051
5405,0.051
5405,0.051
5405,0.051
5405,0.051
5405,0.051
5405,0.051
5405,0.051
5405,0.051
5405,0.051
5405,0.051
5405,0.051
5405,0.051
5405,0.051
5405,0.051
5405,0.051
5405,0.051
5405,0.051
5406,0.023
5406,0.023
5406,0.023
5406,0.023
5406,0.023
5406,0.023
5406,0.023
5406,0.023
5406,0.023
5437,0.003
5437,0.003
5586,0.001
5638,0.006
5638,0.006
5716,0.001
5741,0.001
5771,0.001
5778,0.007
5778,0.007
5806,0.002
5806,0.002
5876,0.004
5884,0.004
5884,0.004
5905,0.003
5905,0.003
5961,0.004
5961,0.004
5961,0.004
5971,0.001
5971,0.001
5976,0.002
5976,0.002
5986,0.002
5992,0.007
5992,0.007
6017,0.001
6019,0.002
6019,0.002
6019,0.002
6020,0.002
6052,0.002
6076,0.001
6098,0.008
6098,0.008
6098,0.008
6098,0.008
6124,0.001
6132,0.004
6132,0.004
6213,0.002
6213,0.002
6220,0.003
6220,0.003
6220,0.003
6220,0.003
6225,0.002
6243,0.003
6243,0.003
6243,0.003
6370,0.001
6371,0.003
6371,0.003
6371,0.003
6371,0.003
6397,0.002
6397,0.002
6413,0.001
6469,0.002
6509,0.009
6509,0.009
6509,0.009
6509,0.009
6509,0.009
6531,0.001
6545,0.004
6545,0.004
6545,0.004
6545,0.004
6545,0.004
6545,0.004
6546,0.002
6548,0.002
6552,0.004
6577,0.003
6577,0.003
6618,0.003
6618,0.003
6618,0.003
6692,0.001
6736,0.004
6736,0.004
6736,0.004
6736,0.004
6736,0.004
6736,0.004
6737,0.008
6737,0.008
6737,0.008
6749,0.002
6749,0.002
6755,0.011
6755,0.011
6755,0.011
6762,0.004
6762,0.004
6891,0.002
6891,0.002
6973,0.002
6992,0.001
6998,0.002
6998,0.002
7057,0.002
7104,0.001
7130,0.001
7211,0.002
7211,0.002
7214,0.002
7214,0.002
7214,0.002
7214,0.002
7224,0.001
7224,0.001
7234,0.001
7247,0.002
7295,0.002
7330,0.001
7333,0.002
7347,0.001
7392,0.002
7395,0.003
7415,0.002
7431,0.002
7446,0.003
7446,0.003
7457,0.001
7485,0.001
7485,0.001
7485,0.001
7485,0.001
7498,0.007
7498,0.007
7501,0.001
7508,0.003
7508,0.003
7508,0.003
7513,0.002
7551,0.001
7606,0.001
7676,0.002
7719,0.003
7719,0.003
7779,0.002
7779,0.002
7783,0.002
7784,0.002
7790,0.002
7800,0.001
7847,0.002
7886,0.004
7897,0.001
7898,0.001
7898,0.001
7914,0.002
7935,0.002
8044,0.001
8058,0.001
8115,0.003
8115,0.003
8138,0.003
8146,0.003
8146,0.003
8158,0.002
8166,0.002
8168,0.001
8170,0.002
8170,0.002
8185,0.002
8197,0.008
8197,0.008
8197,0.008
8198,0.002
8198,0.002
8198,0.002
8208,0.003
8258,0.001
8267,0.002
8268,0.002
8270,0.002
8270,0.002
8270,0.002
8270,0.002
8270,0.002
8283,0.002
8292,0.002
8303,0.002
8367,0.002
8390,0.001
8401,0.001
8404,0.003
8441,0.002
8461,0.001
8502,0.001
8517,0.003
8517,0.003
8678,0.005
8678,0.005
8699,0.001
8717,0.003
8719,0.001
8752,0.004
8781,0.01
8781,0.01
8781,0.01
8781,0.01
8781,0.01
8781,0.01
8781,0.01
8782,0.001
8813,0.001
8835,0.001
8839,0.003
8850,0.001
8881,0.002
8885,0.004
8887,0.001
8889,0.001
8895,0.001
8902,0.003
8902,0.003
8926,0.002
8933,0.001
8981,0.002
8987,0.002
9029,0.003
9032,0.002
9042,0.003
9043,0.001
9060,0.005
9060,0.005
9060,0.005
9125,0.002
9263,0.023
9263,0.023
9263,0.023
9263,0.023
9263,0.023
9263,0.023
9263,0.023
9263,0.023
9327,0.013
9327,0.013
9327,0.013
9327,0.013
9327,0.013
9327,0.013
9327,0.013
9327,0.013
9373,0.001
9384,0.006
9384,0.006
9384,0.006
9384,0.006
9384,0.006
9384,0.006
9384,0.006
9384,0.006
9384,0.006
9384,0.006
9384,0.006
9384,0.006
9384,0.006
9384,0.006
9384,0.006
9384,0.006
9384,0.006
9384,0.006
9437,0.002
9501,0.002
9501,0.002
9506,0.003
9506,0.003
9506,0.003
9513,0.004
9513,0.004
9513,0.004
9513,0.004
9513,0.004
9513,0.004
9513,0.004
9516,0.001
9551,0.001
9593,0.001
9608,0.001
9741,0.001
9807,0.002
9857,0.002
9859,0.001
9860,0.002
9860,0.002
10043,0.002
10043,0.002
10048,0.001
10065,0.002
10110,0.002
10110,0.002
10222,0.002
10255,0.002
10255,0.002
10255,0.002
10255,0.002
10255,0.002
10255,0.002
10255,0.002
10301,0.001
10329,0.001
10329,0.001
10387,0.002
10407,0.003
10418,0.007
10418,0.007
10428,0.004
10428,0.004
10446,0.004
10446,0.004
10556,0.004
10556,0.004
10556,0.004
10556,0.004
10556,0.004
10556,0.004
10697,0.001
10733,0.003
10799,0.004
10799,0.004
10799,0.004
10800,0.004
10818,0.003
10818,0.003
10818,0.003
10833,0.004
10833,0.004
10834,0.002
10834,0.002
10835,0.001
10861,0.001
10893,0.001
10894,0.005
10894,0.005
10894,0.005
10894,0.005
10894,0.005
10894,0.005
10913,0.001
10919,0.001
10921,0.002
10970,0.0
10990,0.002
11001,0.001
11014,0.001
11033,0.002
11038,0.002
11076,0.003
11076,0.003
11087,0.002
11088,0.001
11097,0.002
11136,0.002
11137,0.003
11253,0.0
11256,0.004
11256,0.004
11356,0.003
11356,0.003
11401,0.003
11418,0.002
11429,0.003
11429,0.003
11429,0.003
11429,0.003
11429,0.003
11480,0.004
11497,0.003
11566,0.001
11569,0.001
11654,0.003
11681,0.003
11684,0.002
11693,0.001
11709,0.003
11709,0.003
11756,0.005
11756,0.005
11762,0.002
11781,0.002
11800,0.002
11856,0.002
11856,0.002
11856,0.002
11857,0.006
11857,0.006
11857,0.006
11857,0.006
11857,0.006
11857,0.006
11857,0.006
11884,0.001
11901,0.002
11904,0.001
11904,0.001
11918,0.013
11918,0.013
11918,0.013
11918,0.013
11918,0.013
11918,0.013
11918,0.013
11918,0.013
11918,0.013
11932,0.001
11932,0.001
11947,0.002
11947,0.002
11976,0.002
11976,0.002
11988,0.001
12021,0.004
12021,0.004
12062,0.004
12062,0.004
12062,0.004
12099,0.001
12101,0.003
12101,0.003
12101,0.003
12101,0.003
12110,0.003
12110,0.003
12110,0.003
12110,0.003
12188,0.002
12188,0.002
12188,0.002
12188,0.002
12188,0.002
12188,0.002
12188,0.002
12198,0.001
12209,0.001
12263,0.002
