t_index,tf-idf
206,0.009
366,0.012
397,0.018
911,0.039
911,0.039
968,0.007
1287,0.038
1312,0.038
1510,0.006
1689,0.014
2115,0.013
2396,0.032
2615,0.004
2836,0.016
2942,0.029
2942,0.029
3211,0.021
3261,0.025
3261,0.025
3648,0.012
3709,0.02
3868,0.009
3967,0.046
3967,0.046
4077,0.008
4100,0.018
4425,0.006
4490,0.03
4850,0.019
4912,0.021
4939,0.017
4939,0.017
5032,0.028
5121,0.019
5940,0.017
5971,0.004
6041,0.008
6087,0.013
6112,0.011
6171,0.01
6211,0.019
6213,0.008
6321,0.007
6359,0.012
6379,0.068
6379,0.068
6413,0.006
6581,0.014
6843,0.029
6999,0.02
7224,0.006
7434,0.004
7619,0.034
7898,0.004
8170,0.008
8270,0.004
8307,0.018
8478,0.013
8782,0.011
8887,0.005
9310,0.017
9372,0.009
9377,0.015
9384,0.003
9484,0.011
9612,0.008
9786,0.01
9835,0.006
10584,0.04
10584,0.04
10584,0.04
10590,0.011
10915,0.01
10922,0.006
11079,0.012
11248,0.027
11253,0.003
11497,0.026
11872,0.012
12110,0.008
12188,0.003
