t_index,tf-idf
166,0.003
189,0.002
190,0.005
190,0.005
196,0.003
197,0.002
222,0.014
222,0.014
222,0.014
222,0.014
225,0.003
225,0.003
230,0.003
230,0.003
241,0.003
306,0.007
306,0.007
306,0.007
330,0.002
383,0.002
391,0.004
442,0.002
448,0.001
459,0.004
477,0.005
477,0.005
568,0.004
568,0.004
586,0.002
630,0.005
630,0.005
633,0.002
716,0.003
735,0.005
735,0.005
735,0.005
801,0.003
852,0.003
877,0.001
917,0.004
933,0.003
945,0.005
945,0.005
945,0.005
947,0.002
963,0.004
1024,0.005
1028,0.005
1035,0.012
1035,0.012
1035,0.012
1035,0.012
1057,0.002
1108,0.003
1132,0.002
1172,0.007
1172,0.007
1172,0.007
1172,0.007
1172,0.007
1350,0.002
1401,0.009
1401,0.009
1401,0.009
1401,0.009
1401,0.009
1401,0.009
1411,0.016
1411,0.016
1411,0.016
1411,0.016
1411,0.016
1522,0.001
1560,0.004
1582,0.002
1586,0.004
1609,0.002
1716,0.002
1723,0.004
1723,0.004
1805,0.002
1882,0.001
1916,0.004
1916,0.004
1916,0.004
1961,0.006
1961,0.006
1966,0.003
1967,0.003
2014,0.004
2026,0.003
2035,0.002
2149,0.009
2149,0.009
2149,0.009
2153,0.005
2153,0.005
2153,0.005
2264,0.002
2285,0.003
2311,0.004
2358,0.001
2401,0.003
2435,0.002
2449,0.002
2458,0.003
2464,0.004
2465,0.002
2480,0.003
2563,0.008
2563,0.008
2563,0.008
2563,0.008
2563,0.008
2581,0.002
2615,0.003
2615,0.003
2615,0.003
2615,0.003
2629,0.002
2635,0.002
2641,0.001
2647,0.003
2690,0.002
2721,0.004
2746,0.009
2746,0.009
2766,0.003
2766,0.003
2807,0.002
2813,0.001
2880,0.001
2942,0.002
2961,0.006
2961,0.006
3068,0.003
3076,0.003
3156,0.003
3169,0.004
3172,0.004
3227,0.004
3234,0.005
3242,0.004
3252,0.002
3259,0.003
3261,0.006
3261,0.006
3261,0.006
3314,0.002
3388,0.002
3436,0.005
3436,0.005
3493,0.003
3540,0.01
3540,0.01
3540,0.01
3540,0.01
3636,0.003
3648,0.002
3658,0.003
3658,0.003
3698,0.001
3736,0.001
3782,0.002
3795,0.004
3814,0.005
3844,0.003
3855,0.002
3868,0.003
3868,0.003
3877,0.005
3894,0.004
3910,0.003
3910,0.003
3932,0.003
3942,0.003
3954,0.005
3954,0.005
3990,0.003
4007,0.01
4007,0.01
4007,0.01
4007,0.01
4035,0.001
4075,0.003
4077,0.004
4077,0.004
4077,0.004
4081,0.001
4119,0.002
4120,0.003
4184,0.003
4201,0.002
4235,0.009
4235,0.009
4263,0.002
4294,0.003
4294,0.003
4313,0.002
4324,0.002
4352,0.003
4355,0.002
4356,0.002
4425,0.003
4425,0.003
4425,0.003
4504,0.003
4526,0.003
4526,0.003
4566,0.008
4566,0.008
4566,0.008
4639,0.004
4648,0.003
4648,0.003
4655,0.003
4695,0.004
4744,0.001
4759,0.002
4763,0.002
4791,0.002
4797,0.004
4840,0.001
4841,0.003
4908,0.003
4908,0.003
4908,0.003
4912,0.007
4912,0.007
4939,0.003
4939,0.003
4955,0.004
4955,0.004
4968,0.001
4980,0.002
4995,0.004
5002,0.002
5009,0.003
5036,0.002
5190,0.001
5201,0.003
5215,0.016
5215,0.016
5215,0.016
5215,0.016
5215,0.016
5215,0.016
5215,0.016
5216,0.008
5216,0.008
5216,0.008
5278,0.002
5354,0.001
5595,0.004
5622,0.005
5732,0.005
5762,0.004
5784,0.004
5785,0.004
5803,0.003
5806,0.001
5875,0.005
5913,0.004
5961,0.004
5961,0.004
5971,0.001
6030,0.001
6041,0.001
6044,0.003
6108,0.003
6124,0.001
6176,0.001
6184,0.003
6258,0.003
6274,0.005
6321,0.001
6345,0.002
6364,0.003
6663,0.004
6736,0.001
6775,0.003
6775,0.003
6825,0.002
6968,0.004
6982,0.004
6982,0.004
6982,0.004
6998,0.001
7104,0.002
7130,0.001
7172,0.005
7172,0.005
7172,0.005
7182,0.004
7182,0.004
7214,0.002
7214,0.002
7234,0.003
7234,0.003
7375,0.007
7375,0.007
7375,0.007
7375,0.007
7457,0.002
7457,0.002
7485,0.0
7494,0.003
7499,0.001
7501,0.002
7535,0.002
7553,0.005
7562,0.001
7712,0.003
7732,0.011
7732,0.011
7732,0.011
7764,0.002
7779,0.003
7779,0.003
7821,0.003
7898,0.003
7898,0.003
7898,0.003
7898,0.003
7898,0.003
8007,0.003
8038,0.001
8046,0.002
8053,0.003
8193,0.003
8248,0.003
8267,0.002
8278,0.003
8348,0.003
8356,0.005
8390,0.002
8429,0.005
8429,0.005
8429,0.005
8461,0.002
8470,0.004
8478,0.008
8478,0.008
8478,0.008
8478,0.008
8484,0.004
8558,0.005
8570,0.002
8575,0.005
8597,0.005
8653,0.002
8721,0.004
8721,0.004
8731,0.002
8782,0.002
8825,0.002
8887,0.003
8887,0.003
8887,0.003
8887,0.003
8906,0.011
8906,0.011
8906,0.011
8906,0.011
8906,0.011
8906,0.011
8907,0.003
9082,0.002
9145,0.002
9154,0.003
9172,0.002
9189,0.005
9189,0.005
9207,0.003
9222,0.004
9229,0.003
9234,0.003
9234,0.003
9278,0.004
9278,0.004
9278,0.004
9278,0.004
9278,0.004
9278,0.004
9278,0.004
9278,0.004
9278,0.004
9278,0.004
9278,0.004
9344,0.005
9412,0.002
9459,0.004
9501,0.002
9529,0.005
9562,0.002
9601,0.001
9612,0.001
9686,0.003
9691,0.004
9695,0.003
9786,0.002
9850,0.004
9883,0.007
9883,0.007
9902,0.005
9916,0.004
9941,0.001
9949,0.006
9949,0.006
10048,0.004
10048,0.004
10110,0.002
10175,0.003
10255,0.003
10255,0.003
10255,0.003
10255,0.003
10255,0.003
10255,0.003
10271,0.002
10329,0.003
10329,0.003
10329,0.003
10365,0.002
10397,0.002
10429,0.004
10583,0.002
10584,0.013
10584,0.013
10584,0.013
10584,0.013
10584,0.013
10584,0.013
10631,0.003
10660,0.002
10750,0.004
10753,0.013
10753,0.013
10753,0.013
10753,0.013
10753,0.013
10753,0.013
10753,0.013
10768,0.004
10813,0.014
10813,0.014
10813,0.014
10813,0.014
10813,0.014
10838,0.003
10858,0.009
10858,0.009
10866,0.004
10894,0.001
10913,0.002
10915,0.002
10922,0.003
10922,0.003
10922,0.003
10945,0.001
11001,0.001
11018,0.002
11029,0.003
11044,0.003
11046,0.003
11059,0.002
11079,0.004
11079,0.004
11097,0.005
11097,0.005
11121,0.003
11136,0.003
11183,0.002
11191,0.002
11202,0.003
11210,0.003
11210,0.003
11253,0.001
11353,0.005
11429,0.002
11429,0.002
11566,0.002
11566,0.002
11769,0.005
11800,0.003
11844,0.002
11848,0.005
11848,0.005
11857,0.001
11904,0.001
11920,0.003
11931,0.009
11931,0.009
11931,0.009
11931,0.009
11931,0.009
11931,0.009
11956,0.004
11956,0.004
12080,0.007
12080,0.007
12080,0.007
12086,0.003
12101,0.002
12101,0.002
12104,0.003
12104,0.003
12110,0.001
12139,0.006
12139,0.006
12188,0.001
12188,0.001
12209,0.002
12263,0.003
